1	9 
2	9 
3	10 
4	7 
5	15 
6	7 
7	9 
8	7 
9	8 
10	13 
11	4 
12	11 
13	15 
14	14 
15	13 
16	1 
17	13 
18	20 
19	16 
20	10 
21	13 
22	4 
23	15 
24	5 
25	10 
26	12 
27	19 
28	20 
29	3 
30	3 
31	10 
32	7 
33	7 
34	13 
35	9 
36	8 
37	1 
38	2 
39	13 
40	6 
41	12 
42	1 
43	14 
44	5 
45	15 
46	11 
47	15 
48	9 
49	3 
50	12 
51	5 
52	7 
53	13 
54	8 
55	6 
56	7 
57	9 
58	13 
59	17 
60	8 
61	3 
62	7 
63	5 
64	4 
65	9 
66	6 
67	20 
68	8 
69	19 
70	13 
71	13 
72	8 
73	3 
74	14 
75	10 
76	5 
77	10 
78	16 
79	15 
80	11 
81	16 
82	18 
83	7 
84	18 
85	4 
86	16 
87	19 
88	20 
89	14 
90	14 
91	8 
92	5 
93	19 
94	18 
95	13 
96	14 
97	8 
98	13 
99	17 
100	9 
101	15 
102	17 
103	7 
104	16 
105	13 
106	18 
107	19 
108	1 
109	9 
110	11 
111	10 
112	16 
113	10 
114	12 
115	17 
116	20 
117	19 
118	10 
119	18 
120	3 
121	19 
122	7 
123	14 
124	13 
125	19 
126	20 
127	20 
128	2 
129	16 
130	20 
131	20 
132	5 
133	19 
134	20 
135	4 
136	1 
137	1 
138	20 
139	18 
140	19 
141	13 
142	5 
143	16 
144	18 
145	19 
146	9 
147	14 
148	9 
149	9 
150	17 
151	20 
152	8 
153	18 
154	14 
155	19 
156	1 
157	7 
158	5 
159	15 
160	9 
161	19 
162	5 
163	1 
164	8 
165	13 
166	4 
167	1 
168	13 
169	18 
170	14 
171	19 
172	15 
173	4 
174	19 
175	20 
176	18 
177	15 
178	15 
179	14 
180	17 
181	20 
182	20 
183	9 
184	8 
185	14 
186	18 
187	4 
188	3 
189	5 
190	15 
191	16 
192	12 
193	19 
194	21 
195	1 
196	13 
197	14 
198	15 
199	1 
200	7 
201	17 
202	12 
203	19 
204	8 
205	9 
206	17 
207	6 
208	3 
209	15 
210	21 
211	15 
212	1 
213	1 
214	1 
215	19 
216	12 
217	18 
218	20 
219	20 
220	21 
221	6 
222	1 
223	7 
224	12 
225	9 
226	11 
227	19 
228	1 
229	13 
230	20 
231	18 
232	8 
233	11 
234	13 
235	11 
236	21 
237	16 
238	15 
239	8 
240	7 
241	6 
242	5 
243	13 
244	20 
245	19 
246	5 
247	13 
248	8 
249	8 
250	4 
251	21 
252	10 
253	15 
254	4 
255	16 
256	15 
257	7 
258	9 
259	16 
260	21 
261	2 
262	21 
263	10 
264	19 
265	18 
266	1 
267	13 
268	14 
269	15 
270	9 
271	20 
272	13 
273	9 
274	21 
275	5 
276	8 
277	18 
278	19 
279	17 
280	2 
281	21 
282	8 
283	19 
284	14 
285	13 
286	5 
287	9 
288	20 
289	11 
290	19 
291	4 
292	8 
293	17 
294	20 
295	12 
296	12 
297	7 
298	20 
299	6 
300	2 
301	11 
302	17 
303	14 
304	20 
305	4 
306	1 
307	13 
308	10 
309	2 
310	1 
311	5 
312	7 
313	6 
314	17 
315	8 
316	3 
317	11 
318	12 
319	1 
320	20 
321	10 
322	12 
323	21 
324	5 
325	18 
326	20 
327	21 
328	5 
329	16 
330	16 
331	16 
332	8 
333	6 
334	16 
335	5 
336	17 
337	19 
338	9 
339	7 
340	13 
341	14 
342	12 
343	1 
344	14 
345	7 
346	1 
347	13 
348	8 
349	19 
350	17 
351	15 
352	11 
353	1 
354	1 
355	16 
356	12 
357	10 
358	20 
359	9 
360	20 
361	8 
362	16 
363	7 
364	8 
365	3 
366	8 
367	18 
368	10 
369	18 
370	6 
371	21 
372	8 
373	20 
374	9 
375	19 
376	9 
377	8 
378	3 
379	4 
380	13 
381	6 
382	16 
383	17 
384	8 
385	13 
386	13 
387	7 
388	6 
389	20 
390	20 
391	15 
392	16 
393	5 
394	2 
395	14 
396	19 
397	12 
398	1 
399	16 
400	10 
401	9 
402	19 
403	1 
404	12 
405	20 
406	7 
407	16 
408	16 
409	4 
410	1 
411	8 
412	2 
413	7 
414	9 
415	14 
416	14 
417	6 
418	13 
419	4 
420	2 
421	14 
422	9 
423	17 
424	15 
425	10 
426	18 
427	13 
428	15 
429	16 
430	9 
431	9 
432	5 
433	15 
434	8 
435	19 
436	9 
437	21 
438	11 
439	20 
440	6 
441	17 
442	13 
443	13 
444	5 
445	9 
446	1 
447	7 
448	3 
449	13 
450	17 
451	8 
452	6 
453	9 
454	13 
455	2 
456	16 
457	8 
458	7 
459	7 
460	20 
461	11 
462	19 
463	15 
464	5 
465	7 
466	19 
467	15 
468	8 
469	8 
470	14 
471	14 
472	9 
473	17 
474	16 
475	9 
476	7 
477	13 
478	8 
479	17 
480	15 
481	8 
482	14 
483	17 
484	17 
485	4 
486	19 
487	9 
488	10 
489	15 
490	6 
491	3 
492	15 
493	8 
494	6 
495	9 
496	13 
497	1 
498	9 
499	16 
500	13 
501	5 
502	13 
503	5 
504	11 
505	2 
506	10 
507	20 
508	17 
509	13 
510	19 
511	20 
512	8 
513	16 
514	19 
515	16 
516	13 
517	21 
518	2 
519	13 
520	10 
521	19 
522	5 
523	9 
524	1 
525	6 
526	13 
527	9 
528	19 
529	14 
530	4 
531	9 
532	9 
533	5 
534	19 
535	15 
536	14 
537	6 
538	1 
539	10 
540	5 
541	17 
542	16 
543	1 
544	1 
545	8 
546	11 
547	17 
548	21 
549	8 
550	5 
551	19 
552	5 
553	7 
554	9 
555	15 
556	8 
557	3 
558	16 
559	20 
560	16 
561	16 
562	16 
563	8 
564	12 
565	1 
566	4 
567	14 
568	5 
569	14 
570	19 
571	8 
572	20 
573	2 
574	5 
575	7 
576	15 
577	19 
578	7 
579	10 
580	7 
581	21 
582	8 
583	13 
584	9 
585	11 
586	12 
587	15 
588	5 
589	5 
590	19 
591	18 
592	16 
593	5 
594	11 
595	12 
596	12 
597	1 
598	7 
599	19 
600	8 
601	5 
602	12 
603	14 
604	2 
605	9 
606	17 
607	19 
608	1 
609	2 
610	8 
611	12 
612	4 
613	20 
614	21 
615	8 
616	11 
617	13 
618	7 
619	6 
620	13 
621	1 
622	1 
623	5 
624	8 
625	15 
626	13 
627	18 
628	9 
629	11 
630	17 
631	21 
632	5 
633	19 
634	5 
635	15 
636	5 
637	15 
638	20 
639	4 
640	18 
641	17 
642	4 
643	10 
644	6 
645	13 
646	19 
647	12 
648	6 
649	9 
650	13 
651	6 
652	5 
653	1 
654	15 
655	21 
656	4 
657	11 
658	19 
659	19 
660	15 
661	8 
662	1 
663	12 
664	17 
665	2 
666	14 
667	2 
668	13 
669	17 
670	1 
671	3 
672	19 
673	15 
674	1 
675	15 
676	3 
677	3 
678	1 
679	9 
680	3 
681	10 
682	16 
683	16 
684	16 
685	21 
686	19 
687	8 
688	9 
689	2 
690	1 
691	16 
692	15 
693	8 
694	14 
695	8 
696	16 
697	12 
698	9 
699	21 
700	4 
701	20 
702	5 
703	8 
704	13 
705	14 
706	7 
707	16 
708	4 
709	14 
710	20 
711	19 
712	15 
713	20 
714	14 
715	15 
716	1 
717	8 
718	20 
719	7 
720	4 
721	14 
722	16 
723	16 
724	9 
725	17 
726	21 
727	8 
728	15 
729	10 
730	13 
731	7 
732	8 
733	10 
734	5 
735	3 
736	7 
737	13 
738	13 
739	18 
740	15 
741	13 
742	11 
743	7 
744	13 
745	14 
746	19 
747	1 
748	18 
749	8 
750	5 
751	4 
752	15 
753	15 
754	7 
755	9 
756	2 
757	13 
758	19 
759	1 
760	2 
761	15 
762	8 
763	20 
764	16 
765	13 
766	1 
767	9 
768	9 
769	12 
770	9 
771	16 
772	1 
773	13 
774	8 
775	19 
776	9 
777	19 
778	13 
779	14 
780	19 
781	9 
782	20 
783	10 
784	10 
785	15 
786	21 
787	19 
788	20 
789	13 
790	3 
791	9 
792	8 
793	8 
794	2 
795	19 
796	15 
797	7 
798	11 
799	9 
800	6 
801	4 
802	9 
803	7 
804	20 
805	10 
806	16 
807	15 
808	15 
809	10 
810	8 
811	1 
812	13 
813	5 
814	1 
815	7 
816	20 
817	1 
818	15 
819	7 
820	19 
821	4 
822	3 
823	13 
824	19 
825	8 
826	9 
827	3 
828	6 
829	13 
830	14 
831	13 
832	13 
833	20 
834	19 
835	8 
836	13 
837	2 
838	15 
839	7 
840	3 
841	5 
842	17 
843	1 
844	14 
845	1 
846	1 
847	4 
848	8 
849	17 
850	7 
851	7 
852	18 
853	9 
854	19 
855	1 
856	20 
857	4 
858	10 
859	7 
860	5 
861	8 
862	20 
863	15 
864	16 
865	18 
866	12 
867	14 
868	13 
869	17 
870	8 
871	21 
872	15 
873	11 
874	1 
875	15 
876	20 
877	15 
878	6 
879	15 
880	9 
881	16 
882	13 
883	13 
884	5 
885	1 
886	9 
887	8 
888	14 
889	13 
890	10 
891	4 
892	9 
893	16 
894	7 
895	18 
896	9 
897	1 
898	14 
899	2 
900	12 
901	16 
902	15 
903	19 
904	14 
905	1 
906	20 
907	5 
908	1 
909	11 
910	7 
911	21 
912	19 
913	15 
914	4 
915	19 
916	20 
917	14 
918	16 
919	15 
920	9 
921	1 
922	21 
923	19 
924	9 
925	20 
926	1 
927	1 
928	9 
929	1 
930	9 
931	4 
932	14 
933	13 
934	11 
935	17 
936	8 
937	7 
938	4 
939	19 
940	11 
941	1 
942	1 
943	1 
944	13 
945	13 
946	8 
947	10 
948	17 
949	11 
950	13 
951	10 
952	7 
953	1 
954	17 
955	15 
956	8 
957	7 
958	7 
959	9 
960	5 
961	4 
962	13 
963	7 
964	14 
965	10 
966	5 
967	14 
968	13 
969	16 
970	16 
971	13 
972	17 
973	9 
974	13 
975	15 
976	17 
977	16 
978	5 
979	4 
980	8 
981	15 
982	13 
983	4 
984	7 
985	20 
986	14 
987	19 
988	20 
989	1 
990	1 
991	17 
992	13 
993	9 
994	1 
995	7 
996	19 
997	5 
998	8 
999	5 
1000	15 
