1	165
1	724
1	975
1	991
2	448
2	890
2	946
2	986
3	238
3	796
3	899
3	910
4	705
4	945
4	961
4	978
5	376
5	648
5	718
5	834
6	902
6	947
6	990
6	999
7	599
7	855
7	979
7	984
8	970
8	972
8	989
8	992
9	849
9	885
9	977
9	998
10	912
10	957
10	980
10	998
11	509
11	835
11	931
11	933
12	519
12	557
12	666
12	775
13	966
13	972
13	989
13	992
14	689
14	843
14	938
14	1000
15	494
15	569
15	818
15	832
16	961
16	974
16	976
16	988
17	778
17	892
17	938
17	973
18	78
18	158
18	515
18	996
19	146
19	489
19	846
19	944
20	475
20	525
20	666
20	683
21	530
21	801
21	813
21	915
22	258
22	405
22	909
22	943
23	389
23	816
23	830
23	871
24	605
24	621
24	834
24	960
25	111
25	937
25	986
25	998
26	430
26	908
26	975
26	991
27	345
27	440
27	848
27	943
28	484
28	667
28	901
28	953
29	653
29	949
29	964
29	982
30	472
30	785
30	825
30	932
31	285
31	883
31	973
31	1000
32	337
32	759
32	784
32	958
33	73
33	656
33	846
33	918
34	326
34	883
34	974
34	978
35	649
35	771
35	850
35	884
36	589
36	624
36	769
36	1000
37	670
37	931
37	983
37	994
38	253
38	654
38	922
38	963
39	576
39	957
39	977
39	998
40	968
40	983
40	994
40	997
41	275
41	769
41	938
41	1000
42	665
42	736
42	800
42	910
43	757
43	951
43	952
43	993
44	475
44	578
44	614
44	726
45	68
45	911
45	969
45	1000
46	504
46	936
46	974
46	978
47	623
47	902
47	981
47	999
48	455
48	501
48	893
48	953
49	770
49	864
49	876
49	985
50	206
50	728
50	821
50	935
51	448
51	921
51	937
51	946
52	364
52	845
52	927
52	997
53	588
53	919
53	975
53	991
54	259
54	818
54	832
54	836
55	780
55	917
55	981
55	999
56	658
56	785
56	932
56	958
57	463
57	534
57	889
57	996
58	245
58	588
58	909
58	943
59	242
59	660
59	898
59	927
60	112
60	549
60	687
60	792
61	897
61	947
61	990
61	999
62	717
62	764
62	938
62	1000
63	710
63	898
63	968
63	997
64	107
64	517
64	909
64	943
65	667
65	920
65	953
65	956
66	856
66	866
66	964
66	982
67	359
67	848
67	909
67	943
68	45
68	551
68	973
68	1000
69	870
69	913
69	967
69	996
70	595
70	922
70	963
70	996
71	429
71	648
71	676
71	747
72	494
72	687
72	829
72	832
73	33
73	923
73	924
73	944
74	895
74	907
74	963
74	996
75	536
75	605
75	621
75	718
76	762
76	872
76	964
76	982
77	764
77	804
77	971
77	979
78	18
78	582
78	939
78	956
79	483
79	627
79	805
79	900
80	333
80	854
80	975
80	991
81	306
81	536
81	621
81	696
82	458
82	704
82	818
82	836
83	879
83	923
83	940
83	944
84	421
84	793
84	946
84	950
85	552
85	903
85	915
85	936
86	781
86	926
86	962
86	964
87	130
87	476
87	971
87	979
88	849
88	954
88	977
88	982
89	839
89	868
89	919
89	941
90	434
90	495
90	738
90	773
91	265
91	818
91	832
91	836
92	954
92	977
92	980
92	998
93	411
93	582
93	895
93	906
94	266
94	323
94	392
94	995
95	129
95	771
95	772
95	884
96	574
96	711
96	844
96	922
97	406
97	739
97	942
97	985
98	934
98	954
98	977
98	980
99	350
99	944
99	979
99	984
100	952
100	957
100	977
100	998
101	301
101	938
101	969
101	1000
102	219
102	518
102	946
102	986
103	758
103	858
103	901
103	945
104	781
104	905
104	916
104	982
105	109
105	495
105	772
105	884
106	487
106	944
106	971
106	984
107	64
107	377
107	716
107	807
108	886
108	947
108	981
108	999
109	105
109	371
109	424
109	850
110	331
110	843
110	881
110	1000
111	25
111	890
111	946
111	986
112	60
112	458
112	704
112	832
113	173
113	972
113	989
113	992
114	630
114	926
114	962
114	982
115	748
115	907
115	960
115	975
116	966
116	989
116	991
116	992
117	650
117	874
117	942
117	985
118	355
118	710
118	873
118	983
119	306
119	429
119	605
119	834
120	492
120	657
120	908
120	919
121	261
121	269
121	442
121	726
122	965
122	972
122	989
122	992
123	849
123	931
123	957
123	998
124	328
124	525
124	583
124	707
125	133
125	734
125	747
125	887
126	468
126	782
126	861
126	935
127	641
127	799
127	878
127	963
128	867
128	941
128	975
128	991
129	95
129	190
129	773
129	884
130	87
130	677
130	826
130	971
131	800
131	819
131	837
131	896
132	153
132	835
132	952
132	997
133	125
133	545
133	564
133	708
134	697
134	838
134	990
134	999
135	821
135	876
135	942
135	985
136	361
136	542
136	714
136	920
137	866
137	962
137	964
137	982
138	926
138	962
138	982
138	983
139	966
139	970
139	989
139	992
140	869
140	896
140	899
140	910
141	941
141	975
141	987
141	991
142	171
142	303
142	734
142	887
143	728
143	864
143	942
143	985
144	725
144	936
144	974
144	976
145	831
145	917
145	990
145	999
146	19
146	228
146	251
146	979
147	629
147	981
147	990
147	999
148	805
148	962
148	964
148	982
149	159
149	228
149	350
149	387
150	547
150	863
150	915
150	998
151	260
151	625
151	944
151	971
152	330
152	664
152	681
152	887
153	132
153	537
153	983
153	994
154	622
154	688
154	924
154	979
155	898
155	930
155	952
155	997
156	759
156	847
156	904
156	958
157	189
157	536
157	621
157	917
158	18
158	378
158	844
158	967
159	149
159	764
159	940
159	979
160	318
160	662
160	946
160	986
161	362
161	555
161	602
161	940
162	715
162	875
162	971
162	979
163	585
163	766
163	825
163	904
164	830
164	937
164	946
164	986
165	1
165	240
165	407
165	908
166	698
166	893
166	920
166	988
167	970
167	972
167	989
167	992
168	419
168	847
168	958
168	990
169	710
169	931
169	993
169	994
170	245
170	823
170	848
170	943
171	142
171	545
171	564
171	744
172	922
172	947
172	950
172	990
173	113
173	855
173	923
173	944
174	898
174	983
174	993
174	994
175	622
175	677
175	979
175	984
176	764
176	924
176	971
176	984
177	917
177	950
177	990
177	999
178	934
178	958
178	977
178	998
179	474
179	745
179	913
179	981
180	682
180	731
180	805
180	900
181	506
181	617
181	869
181	910
182	847
182	925
182	932
182	958
183	422
183	574
183	654
183	906
184	699
184	983
184	993
184	997
185	799
185	841
185	963
185	967
186	363
186	649
186	693
186	850
187	458
187	618
187	664
187	887
188	928
188	934
188	977
188	998
189	157
189	429
189	696
189	834
190	129
190	738
190	773
190	884
191	762
191	905
191	964
191	982
192	294
192	849
192	977
192	998
193	444
193	869
193	896
193	910
194	788
194	930
194	931
194	993
195	888
195	945
195	978
195	988
196	378
196	768
196	967
196	996
197	494
197	733
197	792
197	818
198	819
198	837
198	899
198	910
199	602
199	962
199	964
199	982
200	959
200	972
200	989
200	992
201	516
201	830
201	871
201	986
202	760
202	935
202	942
202	985
203	436
203	753
203	805
203	900
204	855
204	918
204	971
204	984
205	304
205	397
205	935
205	985
206	50
206	728
206	760
206	985
207	571
207	582
207	703
207	967
208	671
208	918
208	940
208	979
209	886
209	897
209	990
209	999
210	668
210	935
210	984
210	985
211	950
211	981
211	990
211	999
212	882
212	977
212	980
212	998
213	306
213	605
213	718
213	834
214	957
214	977
214	980
214	998
215	636
215	806
215	848
215	943
216	491
216	760
216	761
216	935
217	265
217	569
217	705
217	832
218	947
218	950
218	981
218	999
219	102
219	473
219	798
219	986
220	650
220	874
220	876
220	890
221	591
221	695
221	868
221	991
222	547
222	755
222	903
222	915
223	232
223	383
223	893
223	961
224	908
224	970
224	989
224	992
225	297
225	539
225	627
225	753
226	658
226	904
226	932
226	958
227	949
227	983
227	993
227	995
228	146
228	149
228	923
228	924
229	914
229	933
229	952
229	994
230	382
230	796
230	896
230	899
231	965
231	972
231	989
231	992
232	223
232	883
232	976
232	988
233	725
233	893
233	961
233	978
234	774
234	954
234	957
234	980
235	831
235	897
235	947
235	981
236	761
236	770
236	874
236	942
237	649
237	771
237	772
237	850
238	3
238	736
238	800
238	899
239	635
239	785
239	795
239	925
239	958
240	165
240	803
240	854
240	987
240	991
241	619
241	694
241	752
241	769
241	1000
242	59
242	930
242	951
242	983
242	994
243	817
243	928
243	954
243	957
243	980
244	947
244	950
244	981
244	990
244	999
245	58
245	170
245	716
245	909
245	943
246	485
246	920
246	953
246	976
246	988
247	249
247	822
247	954
247	977
247	980
248	678
248	833
248	907
248	959
248	996
249	247
249	954
249	957
249	977
249	980
250	324
250	393
250	951
250	952
250	997
251	146
251	715
251	879
251	880
251	944
252	954
252	966
252	970
252	989
252	992
253	38
253	694
253	799
253	959
253	996
254	378
254	745
254	841
254	889
254	922
255	863
255	877
255	903
255	915
255	967
256	483
256	496
256	659
256	805
256	900
257	422
257	908
257	919
257	975
257	987
258	22
258	529
258	807
258	909
258	943
259	54
259	569
259	792
259	832
259	836
260	151
260	788
260	923
260	979
260	984
261	121
261	263
261	578
261	614
261	726
262	835
262	929
262	969
262	973
262	1000
263	261
263	428
263	583
263	683
263	707
264	728
264	935
264	942
264	985
264	994
265	91
265	217
265	310
265	325
265	792
266	94
266	452
266	521
266	550
266	930
267	410
267	918
267	923
267	940
267	984
268	329
268	410
268	498
268	804
268	855
269	121
269	478
269	613
269	775
269	777
270	582
270	826
270	889
270	967
270	996
271	531
271	699
271	914
271	949
271	994
272	831
272	897
272	981
272	990
272	999
273	379
273	464
273	821
273	974
273	985
274	615
274	783
274	868
274	960
274	991
275	41
275	415
275	938
275	969
275	973
276	794
276	951
276	968
276	983
276	992
277	947
277	970
277	972
277	989
277	992
278	730
278	806
278	823
278	827
278	943
279	436
279	788
279	875
279	971
279	979
280	609
280	698
280	756
280	829
280	956
281	575
281	867
281	891
281	960
281	991
282	365
282	826
282	959
282	967
282	996
283	297
283	620
283	633
283	736
283	899
284	650
284	728
284	861
284	942
284	985
285	31
285	453
285	777
285	969
285	1000
286	961
286	974
286	976
286	988
286	997
287	532
287	860
287	914
287	949
287	983
288	905
288	916
288	926
288	962
288	982
289	658
289	847
289	880
289	932
289	958
290	780
290	897
290	981
290	990
290	999
291	540
291	581
291	734
291	887
291	945
292	658
292	668
292	861
292	942
292	985
293	596
293	641
293	907
293	962
293	996
294	192
294	526
294	926
294	964
294	982
295	854
295	941
295	960
295	987
295	991
296	473
296	862
296	921
296	946
296	986
297	225
297	283
297	627
297	731
297	900
298	333
298	928
298	934
298	957
298	998
299	859
299	890
299	901
299	936
299	956
300	885
300	954
300	957
300	977
300	998
301	101
301	752
301	938
301	973
301	1000
302	652
302	667
302	809
302	858
302	988
303	142
303	545
303	708
303	744
303	887
304	205
304	876
304	935
304	942
304	985
305	965
305	966
305	970
305	972
305	992
306	81
306	119
306	213
306	314
306	718
307	418
307	571
307	922
307	963
307	996
308	888
308	920
308	936
308	961
308	988
309	618
309	720
309	798
309	802
309	986
310	265
310	325
310	386
310	687
310	836
311	432
311	863
311	877
311	903
311	915
312	921
312	937
312	946
312	986
312	993
313	757
313	873
313	952
313	968
313	993
314	306
314	465
314	648
314	696
314	834
315	965
315	966
315	970
315	989
315	992
316	737
316	966
316	972
316	989
316	992
317	338
317	673
317	812
317	987
317	991
318	160
318	775
318	798
318	830
318	937
319	538
319	870
319	895
319	959
319	996
320	394
320	797
320	802
320	937
320	986
321	541
321	748
321	783
321	987
321	991
322	885
322	928
322	934
322	977
322	998
323	94
323	710
323	873
323	949
323	993
324	250
324	484
324	956
324	961
324	976
325	265
325	310
325	569
325	792
325	818
326	34
326	945
326	953
326	978
326	988
327	843
327	929
327	938
327	969
327	973
328	124
328	583
328	614
328	707
328	775
329	268
329	688
329	743
329	875
329	918
330	152
330	711
330	744
330	747
330	887
331	110
331	401
331	938
331	969
331	1000
332	397
332	427
332	786
332	935
332	985
333	80
333	298
333	528
333	980
333	998
334	521
334	702
334	914
334	927
334	995
335	965
335	966
335	970
335	989
335	992
336	905
336	916
336	926
336	962
336	964
337	32
337	825
337	904
337	925
337	958
338	317
338	695
338	732
338	919
338	987
339	649
339	693
339	738
339	773
339	861
340	749
340	891
340	908
340	960
340	987
341	593
341	893
341	945
341	953
341	978
342	665
342	800
342	896
342	899
342	910
343	866
343	926
343	962
343	964
343	982
344	522
344	645
344	936
344	961
344	988
345	27
345	377
345	561
345	806
345	943
346	557
346	614
346	666
346	683
346	775
347	655
347	870
347	939
347	967
347	996
348	370
348	694
348	826
348	906
348	939
349	384
349	784
349	820
349	925
349	932
350	99
350	149
350	688
350	944
350	979
351	882
351	912
351	977
351	980
351	998
352	405
352	653
352	926
352	962
352	982
353	878
353	960
353	975
353	987
353	991
354	965
354	966
354	970
354	989
354	992
355	118
355	845
355	933
355	951
355	968
356	764
356	855
356	918
356	940
356	984
357	808
357	820
357	847
357	925
357	958
358	841
358	889
358	895
358	959
358	967
359	67
359	520
359	559
359	827
359	909
360	655
360	902
360	941
360	981
360	999
361	136
361	542
361	565
361	974
361	978
362	161
362	944
362	971
362	979
362	984
363	186
363	738
363	773
363	850
363	884
364	52
364	594
364	873
364	930
364	933
365	282
365	711
365	841
365	906
365	939
366	798
366	816
366	890
366	937
366	986
367	604
367	798
367	871
367	890
367	986
368	478
368	680
368	875
368	923
368	984
369	719
369	839
369	933
369	995
369	997
370	348
370	503
370	595
370	701
370	996
371	109
371	905
371	916
371	962
371	982
372	425
372	908
372	919
372	960
372	987
373	595
373	711
373	768
373	963
373	996
374	689
374	843
374	928
374	938
374	969
375	438
375	539
375	805
375	900
375	936
376	5
376	648
376	676
376	696
376	718
377	107
377	345
377	806
377	905
377	943
378	158
378	196
378	254
378	826
378	907
379	273
379	864
379	876
379	935
379	985
380	438
380	486
380	659
380	703
380	900
381	545
381	581
381	708
381	887
381	895
382	230
382	604
382	796
382	837
382	899
383	223
383	936
383	953
383	974
383	976
384	349
384	880
384	904
384	925
384	932
385	516
385	862
385	871
385	937
385	986
386	310
386	733
386	818
386	832
386	836
387	149
387	573
387	709
387	971
387	979
387	984
388	760
388	782
388	874
388	935
388	942
388	985
389	23
389	720
389	937
389	939
389	946
389	986
390	398
390	638
390	885
390	957
390	977
390	980
391	593
391	898
391	956
391	961
391	978
391	988
392	94
392	839
392	876
392	933
392	952
392	968
393	250
393	554
393	845
393	993
393	995
393	997
394	320
394	720
394	798
394	802
394	830
394	871
395	875
395	885
395	928
395	934
395	977
395	998
396	779
396	854
396	868
396	891
396	941
396	975
397	205
397	332
397	864
397	935
397	942
397	985
398	390
398	822
398	912
398	928
398	954
398	998
399	661
399	797
399	857
399	862
399	946
399	986
400	816
400	862
400	871
400	937
400	946
400	986
401	331
401	842
401	843
401	929
401	973
401	1000
402	777
402	813
402	881
402	911
402	929
402	938
403	531
403	537
403	931
403	968
403	995
403	997
404	408
404	589
404	742
404	769
404	973
404	1000
405	22
405	352
405	529
405	626
405	807
405	823
406	97
406	427
406	782
406	861
406	874
406	935
407	165
407	553
407	597
407	682
407	878
407	991
408	404
408	624
408	881
408	911
408	969
408	1000
409	719
409	845
409	914
409	933
409	952
409	994
410	267
410	268
410	688
410	923
410	924
410	984
411	93
411	563
411	694
411	922
411	939
411	959
412	838
412	897
412	947
412	981
412	990
412	999
413	670
413	898
413	933
413	951
413	994
413	997
414	649
414	652
414	693
414	771
414	772
414	850
415	275
415	586
415	892
415	911
415	969
415	1000
416	472
416	785
416	820
416	825
416	828
416	958
417	702
417	860
417	931
417	968
417	994
417	995
418	307
418	584
418	724
418	767
418	960
418	975
419	168
419	560
419	808
419	825
419	847
419	958
420	545
420	618
420	664
420	681
420	734
420	747
421	84
421	512
421	793
421	856
421	921
421	937
422	183
422	257
422	870
422	922
422	959
422	967
423	838
423	917
423	937
423	950
423	990
423	999
424	109
424	434
424	652
424	772
424	773
424	884
425	372
425	597
425	783
425	878
425	981
425	987
426	845
426	846
426	918
426	971
426	979
426	984
427	332
427	406
427	491
427	721
427	942
427	985
428	263
428	478
428	525
428	578
428	632
428	666
429	71
429	119
429	189
429	648
429	676
429	696
430	26
430	575
430	811
430	854
430	908
430	941
431	630
431	866
431	872
431	916
431	964
431	982
432	311
432	544
432	786
432	893
432	961
432	988
433	554
433	927
433	930
433	931
433	993
433	994
434	90
434	424
434	471
434	771
434	850
434	884
435	544
435	698
435	864
435	945
435	974
435	978
436	203
436	279
436	607
436	703
436	753
436	900
437	547
437	548
437	685
437	801
437	903
437	915
438	375
438	380
438	486
438	496
438	753
438	900
439	928
439	934
439	957
439	977
439	980
439	998
440	27
440	626
440	806
440	848
440	909
440	943
441	584
441	682
441	690
441	941
441	987
441	991
442	121
442	632
442	666
442	683
442	775
442	938
443	628
443	796
443	800
443	837
443	899
443	910
444	193
444	631
444	735
444	869
444	896
444	899
445	579
445	598
445	815
445	882
445	954
445	998
446	886
446	917
446	947
446	950
446	990
446	999
447	548
447	552
447	685
447	877
447	903
447	915
448	2
448	51
448	575
448	862
448	937
448	986
449	521
449	619
449	769
449	842
449	973
449	1000
450	597
450	616
450	673
450	891
450	960
450	987
451	774
451	871
451	912
451	954
451	957
451	998
452	266
452	757
452	927
452	949
452	951
452	952
453	285
453	888
453	953
453	956
453	974
453	976
454	640
454	904
454	938
454	969
454	973
454	1000
455	48
455	758
455	824
455	851
455	976
455	978
456	655
456	741
456	950
456	981
456	990
456	999
457	572
457	907
457	939
457	963
457	967
457	996
458	82
458	112
458	187
458	704
458	818
458	836
459	481
459	722
459	931
459	949
459	952
459	968
460	520
460	716
460	823
460	827
460	909
460	943
461	694
461	737
461	889
461	906
461	963
461	967
462	741
462	780
462	886
462	947
462	950
462	999
463	57
463	466
463	534
463	922
463	959
463	963
464	273
464	514
464	633
464	782
464	876
464	985
465	314
465	536
465	605
465	696
465	718
465	834
466	463
466	574
466	889
466	963
466	967
466	996
467	965
467	966
467	970
467	972
467	989
467	992
468	126
468	761
468	821
468	874
468	935
468	985
469	965
469	966
469	970
469	972
469	989
469	992
470	882
470	920
470	954
470	977
470	980
470	998
471	434
471	513
471	652
471	693
471	772
471	882
472	30
472	416
472	592
472	825
472	932
472	958
473	219
473	296
473	890
473	921
473	946
473	986
474	179
474	503
474	841
474	906
474	959
474	996
475	20
475	44
475	632
475	683
475	707
475	775
476	87
476	677
476	691
476	875
476	879
476	924
477	610
477	852
477	917
477	981
477	990
477	999
478	269
478	368
478	428
478	613
478	632
478	775
479	851
479	858
479	883
479	945
479	956
479	978
480	951
480	952
480	968
480	993
480	994
480	995
481	459
481	927
481	968
481	993
481	995
481	997
482	780
482	790
482	902
482	950
482	990
482	999
483	79
483	256
483	539
483	607
483	753
483	900
484	28
484	324
484	809
484	824
484	829
484	851
485	246
485	750
485	851
485	953
485	976
485	978
485	988
486	380
486	438
486	659
486	731
486	753
486	805
486	900
487	106
487	602
487	743
487	804
487	924
487	940
487	979
488	530
488	685
488	755
488	863
488	877
488	903
488	915
489	19
489	855
489	918
489	923
489	924
489	930
489	979
490	955
490	965
490	966
490	970
490	972
490	989
490	992
491	216
491	427
491	505
491	770
491	861
491	874
491	985
492	120
492	748
492	767
492	854
492	977
492	987
492	991
493	774
493	912
493	928
493	934
493	954
493	980
493	998
494	15
494	72
494	197
494	733
494	792
494	818
494	836
495	90
495	105
495	513
495	693
495	738
495	850
495	964
496	256
496	438
496	627
496	659
496	805
496	815
496	900
497	735
497	819
497	837
497	869
497	896
497	899
497	910
498	268
498	513
498	562
498	680
498	923
498	940
498	979
499	785
499	820
499	828
499	925
499	932
499	958
499	999
500	787
500	794
500	949
500	966
500	968
500	994
500	997
501	48
501	756
501	824
501	961
501	974
501	976
501	978
502	700
502	717
502	765
502	881
502	929
502	973
502	1000
503	370
503	474
503	826
503	844
503	895
503	939
503	967
504	46
504	758
504	859
504	920
504	936
504	956
504	988
505	491
505	544
505	721
505	760
505	861
505	942
505	985
506	181
506	604
506	628
506	819
506	869
506	896
506	910
507	619
507	629
507	765
507	881
507	938
507	969
507	1000
508	648
508	912
508	928
508	934
508	957
508	980
508	998
509	11
509	644
509	914
509	930
509	993
509	995
509	997
510	725
510	781
510	858
510	901
510	956
510	961
510	974
511	783
511	831
511	917
511	950
511	981
511	990
511	999
512	421
512	721
512	862
512	871
512	921
512	937
512	986
513	471
513	495
513	498
513	771
513	773
513	884
513	906
514	464
514	761
514	782
514	864
514	874
514	902
514	985
515	18
515	611
515	842
515	843
515	929
515	973
515	1000
516	201
516	385
516	802
516	921
516	937
516	946
516	986
517	64
517	626
517	806
517	827
517	848
517	909
517	943
518	102
518	661
518	763
518	802
518	890
518	921
518	986
519	12
519	525
519	557
519	614
519	632
519	707
519	726
520	359
520	460
520	523
520	823
520	848
520	909
520	943
521	266
521	334
521	449
521	933
521	949
521	993
521	995
522	344
522	739
522	829
522	920
522	945
522	953
522	974
523	520
523	636
523	807
523	827
523	848
523	943
523	973
524	549
524	661
524	830
524	871
524	921
524	937
524	986
525	20
525	124
525	428
525	519
525	666
525	707
525	775
526	294
526	638
526	905
526	926
526	962
526	964
526	982
527	556
527	623
527	787
527	898
527	968
527	985
527	997
528	333
528	774
528	849
528	928
528	934
528	980
528	998
529	258
529	405
529	806
529	807
529	827
529	909
529	943
530	21
530	488
530	601
530	755
530	801
530	903
530	915
531	271
531	403
531	898
531	930
531	983
531	994
531	995
532	287
532	670
532	873
532	933
532	951
532	994
532	995
533	697
533	886
533	917
533	947
533	981
533	990
533	999
534	57
534	463
534	844
534	863
534	870
534	895
534	939
535	608
535	609
535	803
535	858
535	936
535	956
535	988
536	75
536	81
536	157
536	465
536	676
536	834
536	975
537	153
537	403
537	873
537	927
537	951
537	983
537	995
538	319
538	799
538	844
538	889
538	895
538	959
538	996
539	225
539	375
539	483
539	676
539	703
539	753
539	900
540	291
540	564
540	581
540	681
540	734
540	744
540	887
541	321
541	908
541	915
541	919
541	975
541	987
541	991
542	136
542	361
542	568
542	723
542	945
542	976
542	988
543	780
543	852
543	902
543	947
543	950
543	981
543	999
544	432
544	435
544	505
544	723
544	893
544	956
544	974
545	133
545	171
545	303
545	381
545	420
545	751
545	887
546	776
546	844
546	870
546	939
546	963
546	967
546	996
547	150
547	222
547	437
547	863
547	877
547	903
547	915
548	437
548	447
548	567
548	863
548	877
548	903
548	915
549	60
549	524
549	793
549	797
549	862
549	946
549	986
550	266
550	873
550	927
550	968
550	993
550	994
550	997
551	68
551	624
551	892
551	911
551	929
551	969
551	1000
552	85
552	447
552	685
552	801
552	863
552	877
552	915
553	407
553	727
553	748
553	941
553	975
553	987
553	991
554	393
554	433
554	794
554	883
554	930
554	994
554	995
555	161
555	573
555	810
555	875
555	879
555	971
555	984
556	527
556	601
556	643
556	840
556	873
556	898
556	997
557	12
557	346
557	519
557	583
557	707
557	726
557	775
558	817
558	912
558	954
558	957
558	977
558	980
558	998
559	359
559	806
559	807
559	823
559	827
559	909
559	943
560	419
560	635
560	795
560	847
560	904
560	925
560	932
561	345
561	965
561	966
561	970
561	972
561	989
561	992
562	498
562	788
562	879
562	918
562	940
562	979
562	984
563	411
563	768
563	826
563	895
563	906
563	959
563	963
564	133
564	171
564	540
564	581
564	618
564	681
564	747
565	361
565	829
565	893
565	901
565	945
565	956
565	976
566	615
566	749
566	891
566	908
566	941
566	960
566	987
567	548
567	586
567	606
567	801
567	863
567	877
567	903
567	915
568	542
568	794
568	914
568	930
568	931
568	968
568	983
568	994
569	15
569	217
569	259
569	325
569	687
569	704
569	733
569	836
570	586
570	685
570	755
570	801
570	863
570	877
570	903
570	915
571	207
571	307
571	701
571	711
571	771
571	895
571	907
571	967
572	457
572	635
572	751
572	870
572	913
572	922
572	963
572	996
573	387
573	555
573	656
573	688
573	940
573	971
573	979
573	984
574	96
574	183
574	466
574	751
574	913
574	949
574	959
574	963
575	281
575	430
575	448
575	682
575	779
575	803
575	975
575	991
576	39
576	852
576	912
576	934
576	954
576	957
576	977
576	980
577	593
577	725
577	936
577	961
577	974
577	976
577	978
577	988
578	44
578	261
578	428
578	614
578	632
578	666
578	726
578	775
579	445
579	654
579	882
579	954
579	957
579	977
579	980
579	998
580	585
580	617
580	736
580	796
580	800
580	869
580	896
580	910
581	291
581	381
581	540
581	564
581	664
581	708
581	744
581	887
582	78
582	93
582	207
582	270
582	751
582	889
582	967
582	996
583	124
583	263
583	328
583	557
583	613
583	683
583	726
583	775
584	418
584	441
584	878
584	908
584	960
584	975
584	987
584	991
585	163
585	580
585	644
585	784
585	825
585	828
585	925
585	958
586	415
586	567
586	570
586	801
586	863
586	877
586	903
586	915
587	662
587	955
587	965
587	966
587	970
587	972
587	989
587	992
588	53
588	58
588	716
588	806
588	823
588	848
588	909
588	943
589	36
589	404
589	603
589	640
589	929
589	938
589	973
589	1000
590	794
590	898
590	931
590	933
590	951
590	952
590	983
590	994
591	221
591	663
591	729
591	779
591	891
591	960
591	987
591	991
592	472
592	663
592	808
592	880
592	904
592	925
592	932
592	958
593	341
593	391
593	577
593	609
593	859
593	901
593	961
593	974
594	364
594	822
594	882
594	934
594	954
594	977
594	980
594	998
595	70
595	370
595	373
595	711
595	895
595	959
595	963
595	996
596	293
596	641
596	870
596	913
596	939
596	964
596	967
596	996
597	407
597	425
597	450
597	729
597	748
597	803
597	919
597	975
598	445
598	774
598	822
598	885
598	934
598	954
598	977
598	998
599	7
599	846
599	921
599	923
599	940
599	944
599	971
599	984
600	705
600	723
600	829
600	953
600	956
600	961
600	976
600	978
601	530
601	556
601	710
601	898
601	949
601	968
601	995
601	997
602	161
602	199
602	487
602	804
602	923
602	924
602	944
602	979
603	589
603	640
603	669
603	881
603	911
603	969
603	973
603	1000
604	367
604	382
604	506
604	631
604	735
604	800
604	869
604	899
605	24
605	75
605	119
605	213
605	465
605	676
605	807
605	834
606	567
606	755
606	791
606	801
606	863
606	877
606	903
606	915
607	436
607	483
607	659
607	703
607	731
607	753
607	805
607	900
608	535
608	858
608	936
608	953
608	956
608	978
608	988
608	994
609	280
609	535
609	593
609	765
609	945
609	956
609	978
609	988
610	477
610	831
610	902
610	950
610	981
610	990
610	994
610	999
611	515
611	641
611	752
611	813
611	843
611	881
611	892
611	969
612	646
612	692
612	835
612	839
612	914
612	993
612	994
612	995
613	269
613	478
613	583
613	632
613	666
613	683
613	707
613	726
614	44
614	261
614	328
614	346
614	519
614	578
614	632
614	726
615	274
615	566
615	779
615	868
615	941
615	975
615	987
615	991
616	450
616	812
616	867
616	891
616	919
616	975
616	987
616	991
617	181
617	580
617	628
617	800
617	819
617	837
617	869
617	910
618	187
618	309
618	420
618	564
618	664
618	681
618	734
618	744
618	887
619	241
619	449
619	507
619	629
619	689
619	742
619	842
619	912
619	969
620	283
620	665
620	735
620	800
620	819
620	896
620	899
620	910
620	972
621	24
621	75
621	81
621	157
621	648
621	676
621	696
621	718
621	834
622	154
622	175
622	743
622	798
622	804
622	923
622	924
622	940
622	944
623	47
623	527
623	643
623	927
623	930
623	949
623	993
623	994
623	997
624	36
624	408
624	551
624	744
624	911
624	929
624	969
624	973
624	1000
625	151
625	709
625	855
625	879
625	923
625	924
625	966
625	979
625	984
626	405
626	440
626	517
626	716
626	823
626	827
626	848
626	909
626	943
627	79
627	225
627	297
627	496
627	659
627	703
627	731
627	805
627	900
628	443
628	506
628	617
628	631
628	800
628	837
628	869
628	896
628	999
629	147
629	507
629	619
629	742
629	752
629	777
629	929
629	969
629	1000
630	114
630	431
630	641
630	686
630	814
630	833
630	962
630	964
630	982
631	444
631	604
631	628
631	736
631	800
631	819
631	899
631	910
631	980
632	428
632	442
632	475
632	478
632	519
632	578
632	613
632	614
632	683
633	283
633	464
633	668
633	821
633	861
633	864
633	935
633	942
633	985
634	762
634	833
634	856
634	872
634	905
634	916
634	962
634	964
634	982
635	239
635	560
635	572
635	644
635	847
635	880
635	925
635	932
635	958
636	215
636	523
636	806
636	807
636	823
636	848
636	909
636	943
636	990
637	652
637	693
637	731
637	738
637	771
637	772
637	773
637	850
637	884
638	390
638	526
638	817
638	882
638	928
638	934
638	957
638	980
638	998
639	686
639	781
639	833
639	856
639	872
639	905
639	926
639	962
639	982
640	454
640	589
640	603
640	765
640	778
640	911
640	929
640	973
640	1000
641	127
641	293
641	596
641	611
641	630
641	895
641	913
641	939
641	996
642	653
642	679
642	684
642	750
642	762
642	781
642	791
642	962
642	982
643	556
643	623
643	835
643	860
643	914
643	983
643	993
643	994
643	997
644	509
644	585
644	635
644	766
644	820
644	880
644	925
644	932
644	958
645	344
645	809
645	901
645	945
645	953
645	974
645	976
645	978
645	988
646	612
646	660
646	914
646	951
646	968
646	993
646	994
646	995
646	997
647	814
647	852
647	902
647	917
647	947
647	950
647	981
647	990
647	999
648	5
648	71
648	314
648	376
648	429
648	508
648	621
648	718
648	834
649	35
649	186
649	237
649	339
649	414
649	738
649	773
649	850
649	884
650	117
650	220
650	284
650	721
650	739
650	821
650	876
650	942
650	985
651	894
651	948
651	955
651	965
651	966
651	970
651	972
651	989
651	992
652	302
652	414
652	424
652	471
652	637
652	738
652	771
652	773
652	884
653	29
653	352
653	642
653	856
653	905
653	916
653	962
653	964
653	982
654	38
654	183
654	579
654	737
654	841
654	907
654	939
654	963
654	967
655	347
655	360
655	456
655	831
655	917
655	947
655	981
655	990
655	999
656	33
656	573
656	671
656	680
656	846
656	879
656	971
656	979
656	984
657	120
657	727
657	803
657	811
657	867
657	927
657	960
657	987
657	991
658	56
658	226
658	289
658	292
658	759
658	808
658	880
658	904
658	958
659	256
659	380
659	486
659	496
659	607
659	627
659	731
659	805
659	900
660	59
660	646
660	835
660	860
660	930
660	968
660	993
660	994
660	995
661	399
661	518
661	524
661	763
661	793
661	802
661	816
661	937
661	986
662	160
662	587
662	763
662	830
662	890
662	921
662	937
662	946
662	986
663	591
663	592
663	690
663	727
663	779
663	867
663	960
663	987
663	991
664	152
664	187
664	420
664	581
664	618
664	681
664	744
664	747
664	887
665	42
665	342
665	620
665	796
665	819
665	837
665	899
665	910
665	934
666	12
666	20
666	346
666	428
666	442
666	525
666	578
666	613
666	683
667	28
667	65
667	302
667	714
667	824
667	858
667	859
667	953
667	961
667	988
668	210
668	292
668	633
668	739
668	770
668	874
668	876
668	935
668	942
668	985
669	603
669	765
669	813
669	843
669	892
669	911
669	929
669	938
669	973
669	1000
670	37
670	413
670	532
670	787
670	860
670	951
670	968
670	983
670	995
670	997
671	208
671	656
671	691
671	743
671	918
671	940
671	944
671	971
671	979
671	984
672	787
672	894
672	948
672	955
672	965
672	966
672	970
672	972
672	989
672	992
673	317
673	450
673	749
673	812
673	854
673	878
673	932
673	941
673	960
673	975
674	838
674	897
674	902
674	917
674	940
674	947
674	950
674	981
674	990
674	999
675	785
675	795
675	825
675	828
675	847
675	880
675	885
675	925
675	932
675	958
676	71
676	376
676	429
676	536
676	539
676	605
676	621
676	696
676	718
676	834
677	130
677	175
677	476
677	709
677	728
677	788
677	918
677	924
677	944
677	971
678	248
678	737
678	776
678	799
678	906
678	913
678	939
678	942
678	963
678	967
679	642
679	762
679	856
679	872
679	916
679	926
679	962
679	964
679	968
679	982
680	368
680	498
680	656
680	691
680	715
680	846
680	923
680	924
680	940
680	984
681	152
681	420
681	540
681	564
681	618
681	664
681	708
681	734
681	747
681	887
682	180
682	407
682	441
682	575
682	803
682	868
682	891
682	941
682	975
682	991
683	20
683	263
683	346
683	442
683	475
683	583
683	613
683	632
683	666
683	726
684	642
684	781
684	814
684	866
684	872
684	905
684	926
684	962
684	964
684	982
685	437
685	447
685	488
685	552
685	570
685	740
685	755
685	877
685	903
685	915
686	630
686	639
686	814
686	833
686	856
686	866
686	905
686	916
686	964
686	982
687	60
687	72
687	310
687	569
687	704
687	733
687	792
687	818
687	832
687	836
688	154
688	329
688	350
688	410
688	573
688	746
688	924
688	940
688	979
688	984
689	14
689	374
689	619
689	742
689	769
689	892
689	929
689	947
689	969
689	973
690	441
690	663
690	729
690	783
690	867
690	868
690	878
690	891
690	919
690	975
691	476
691	671
691	680
691	715
691	875
691	879
691	940
691	944
691	975
691	984
692	612
692	699
692	839
692	873
692	930
692	931
692	949
692	969
692	983
692	995
693	186
693	339
693	414
693	471
693	495
693	637
693	771
693	772
693	850
693	884
694	241
694	253
694	348
694	411
694	461
694	844
694	913
694	922
694	967
694	996
695	221
695	338
695	724
695	767
695	808
695	891
695	919
695	975
695	987
695	991
696	81
696	189
696	314
696	376
696	429
696	465
696	621
696	676
696	834
696	986
697	134
697	533
697	741
697	917
697	933
697	947
697	950
697	981
697	990
697	999
698	166
698	280
698	435
698	824
698	858
698	883
698	920
698	945
698	953
698	978
699	184
699	271
699	692
699	722
699	939
699	952
699	983
699	993
699	994
699	997
700	502
700	717
700	813
700	842
700	881
700	938
700	969
700	973
700	982
700	1000
701	370
701	571
701	778
701	799
701	844
701	889
701	913
701	939
701	959
701	996
702	334
702	417
702	712
702	931
702	940
702	949
702	951
702	952
702	995
702	997
703	207
703	380
703	436
703	539
703	607
703	627
703	731
703	753
703	805
703	900
704	82
704	112
704	458
704	569
704	687
704	733
704	792
704	818
704	832
704	836
705	4
705	217
705	600
705	809
705	824
705	888
705	945
705	953
705	974
705	988
706	732
706	790
706	838
706	852
706	886
706	947
706	950
706	981
706	990
706	999
707	124
707	263
707	328
707	475
707	519
707	525
707	557
707	613
707	775
707	812
708	133
708	303
708	381
708	581
708	681
708	734
708	744
708	747
708	827
708	887
709	387
709	625
709	677
709	743
709	764
709	788
709	846
709	875
709	918
709	984
710	63
710	118
710	169
710	323
710	601
710	757
710	860
710	927
710	949
710	997
711	96
711	330
711	365
711	373
711	571
711	595
711	745
711	768
711	907
711	959
712	702
712	839
712	930
712	949
712	953
712	968
712	983
712	993
712	995
712	997
713	853
713	857
713	948
713	955
713	965
713	966
713	970
713	972
713	989
713	992
714	136
714	667
714	824
714	859
714	883
714	920
714	936
714	945
714	961
714	976
715	162
715	251
715	680
715	691
715	804
715	855
715	879
715	971
715	979
715	993
716	107
716	245
716	460
716	588
716	626
716	761
716	807
716	823
716	827
716	943
717	62
717	502
717	700
717	843
717	881
717	888
717	892
717	969
717	973
717	1000
718	5
718	75
718	213
718	306
718	376
718	465
718	621
718	648
718	676
718	834
719	369
719	409
719	787
719	804
719	835
719	951
719	952
719	983
719	993
719	995
720	309
720	389
720	394
720	793
720	797
720	816
720	830
720	862
720	921
720	946
720	986
721	427
721	505
721	512
721	650
721	770
721	864
721	874
721	876
721	935
721	942
721	985
722	459
722	699
722	898
722	933
722	949
722	951
722	961
722	993
722	994
722	995
722	997
723	542
723	544
723	600
723	859
723	936
723	956
723	965
723	974
723	976
723	978
723	988
724	1
724	418
724	695
724	727
724	767
724	867
724	896
724	919
724	941
724	987
724	991
725	144
725	233
725	510
725	577
725	748
725	883
725	920
725	961
725	974
725	976
725	978
726	44
726	121
726	261
726	519
726	557
726	578
726	583
726	613
726	614
726	683
726	951
727	553
727	657
727	663
727	724
727	811
727	854
727	908
727	919
727	960
727	987
727	991
728	50
728	143
728	206
728	264
728	284
728	677
728	739
728	760
728	821
728	861
728	864
729	591
729	597
729	690
729	767
729	854
729	878
729	908
729	914
729	941
729	987
729	991
730	278
730	865
730	894
730	948
730	955
730	965
730	966
730	970
730	972
730	989
730	992
731	180
731	297
731	486
731	607
731	627
731	637
731	659
731	703
731	753
731	805
731	900
732	338
732	706
732	790
732	852
732	886
732	902
732	917
732	947
732	981
732	990
732	999
733	197
733	386
733	494
733	569
733	687
733	704
733	792
733	818
733	832
733	836
733	851
734	125
734	142
734	291
734	420
734	540
734	618
734	681
734	708
734	747
734	858
734	887
735	444
735	497
735	604
735	620
735	796
735	800
735	837
735	865
735	896
735	899
735	910
736	42
736	238
736	283
736	580
736	631
736	743
736	796
736	837
736	869
736	896
736	910
737	316
737	461
737	654
737	678
737	768
737	776
737	799
737	906
737	913
737	959
737	996
738	90
738	190
738	339
738	363
738	495
738	637
738	649
738	652
738	771
738	850
738	884
739	97
739	522
739	650
739	668
739	728
739	760
739	782
739	861
739	876
739	942
739	985
740	685
740	815
740	822
740	849
740	912
740	934
740	954
740	957
740	977
740	980
740	998
741	456
741	462
741	697
741	790
741	852
741	886
741	897
741	950
741	981
741	990
741	999
742	404
742	619
742	629
742	689
742	813
742	881
742	911
742	929
742	969
742	973
742	1000
743	329
743	487
743	622
743	671
743	709
743	736
743	855
743	918
743	924
743	971
743	984
744	171
744	303
744	330
744	540
744	581
744	618
744	624
744	664
744	708
744	747
744	887
745	179
745	254
745	711
745	776
745	844
745	889
745	895
745	906
745	907
745	959
745	991
746	688
746	853
746	894
746	948
746	955
746	965
746	966
746	970
746	972
746	989
746	992
747	71
747	125
747	330
747	420
747	564
747	664
747	681
747	708
747	734
747	744
747	887
748	115
748	321
748	492
748	553
748	597
748	725
748	811
748	854
748	868
748	960
748	987
749	340
749	566
749	673
749	779
749	812
749	837
749	919
749	941
749	960
749	975
749	991
750	485
750	642
750	791
750	866
750	872
750	905
750	916
750	926
750	962
750	964
750	982
751	545
751	572
751	574
751	582
751	841
751	844
751	870
751	913
751	922
751	959
751	963
751	996
752	241
752	301
752	611
752	629
752	778
752	842
752	843
752	929
752	938
752	969
752	973
752	1000
753	203
753	225
753	436
753	438
753	483
753	486
753	539
753	607
753	703
753	731
753	900
753	962
754	853
754	857
754	865
754	894
754	948
754	955
754	965
754	966
754	970
754	972
754	989
754	992
755	222
755	488
755	530
755	570
755	606
755	685
755	801
755	863
755	877
755	903
755	915
755	923
756	280
756	501
756	824
756	851
756	893
756	901
756	936
756	953
756	956
756	961
756	974
756	978
757	43
757	313
757	452
757	710
757	835
757	868
757	933
757	952
757	983
757	993
757	994
757	997
758	103
758	455
758	504
758	859
758	901
758	920
758	945
758	961
758	974
758	976
758	978
758	988
759	32
759	156
759	658
759	795
759	808
759	820
759	847
759	880
759	904
759	925
759	958
759	1000
760	202
760	206
760	216
760	388
760	505
760	728
760	739
760	782
760	864
760	874
760	935
760	985
761	216
761	236
761	468
761	514
761	716
761	782
761	821
761	861
761	864
761	935
761	942
761	985
762	76
762	191
762	634
762	642
762	679
762	833
762	856
762	872
762	916
762	962
762	964
762	982
763	518
763	661
763	662
763	798
763	816
763	830
763	862
763	871
763	890
763	921
763	946
763	986
764	62
764	77
764	159
764	176
764	356
764	709
764	855
764	875
764	924
764	940
764	971
764	984
765	502
765	507
765	609
765	640
765	669
765	777
765	778
765	842
765	911
765	929
765	973
765	1000
766	163
766	644
766	784
766	785
766	808
766	828
766	880
766	904
766	925
766	932
766	958
766	972
767	418
767	492
767	695
767	724
767	729
767	811
767	868
767	878
767	919
767	941
767	987
767	990
768	196
768	373
768	563
768	711
768	737
768	799
768	826
768	841
768	906
768	939
768	959
768	963
769	36
769	41
769	241
769	404
769	449
769	689
769	777
769	813
769	881
769	969
769	973
769	1000
770	49
770	236
770	491
770	668
770	721
770	821
770	861
770	864
770	874
770	935
770	942
770	985
771	35
771	95
771	237
771	414
771	434
771	513
771	571
771	637
771	652
771	693
771	738
771	772
771	884
772	95
772	105
772	237
772	414
772	424
772	471
772	637
772	693
772	771
772	773
772	850
772	884
772	995
773	90
773	129
773	190
773	339
773	363
773	424
773	513
773	637
773	649
773	652
773	772
773	850
773	884
774	234
774	451
774	493
774	528
774	598
774	885
774	928
774	934
774	954
774	957
774	977
774	980
774	998
775	12
775	269
775	318
775	328
775	346
775	442
775	475
775	478
775	525
775	557
775	578
775	583
775	707
776	546
776	678
776	737
776	745
776	841
776	870
776	907
776	913
776	939
776	963
776	967
776	987
776	996
777	269
777	285
777	402
777	629
777	765
777	769
777	842
777	892
777	911
777	938
777	969
777	973
777	1000
778	17
778	640
778	701
778	752
778	765
778	842
778	892
778	911
778	929
778	938
778	969
778	973
778	1000
779	396
779	575
779	591
779	615
779	663
779	749
779	812
779	908
779	919
779	941
779	946
779	960
779	975
780	55
780	290
780	462
780	482
780	543
780	831
780	847
780	897
780	902
780	950
780	981
780	990
780	999
781	86
781	104
781	510
781	639
781	642
781	684
781	814
781	866
781	916
781	926
781	962
781	964
781	982
782	126
782	388
782	406
782	464
782	514
782	739
782	760
782	761
782	821
782	876
782	935
782	942
782	985
783	274
783	321
783	425
783	511
783	690
783	811
783	891
783	919
783	941
783	960
783	975
783	987
783	991
784	32
784	349
784	585
784	766
784	808
784	825
784	834
784	847
784	880
784	904
784	925
784	932
784	958
785	30
785	56
785	239
785	416
785	499
785	675
785	766
785	820
785	904
785	925
785	932
785	951
785	958
786	332
786	432
786	829
786	851
786	883
786	920
786	936
786	945
786	953
786	956
786	961
786	974
786	988
787	500
787	527
787	670
787	672
787	719
787	930
787	931
787	933
787	949
787	968
787	983
787	993
787	994
788	194
788	260
788	279
788	562
788	677
788	709
788	846
788	918
788	923
788	944
788	971
788	979
788	984
789	840
789	857
789	865
789	877
789	894
789	948
789	955
789	965
789	966
789	970
789	972
789	989
789	992
790	482
790	706
790	732
790	741
790	852
790	897
790	902
790	947
790	950
790	980
790	981
790	990
790	999
791	606
791	642
791	750
791	814
791	856
791	866
791	872
791	905
791	916
791	926
791	962
791	964
791	982
792	60
792	197
792	259
792	265
792	325
792	494
792	687
792	704
792	733
792	817
792	818
792	832
792	836
793	84
793	421
793	549
793	661
793	720
793	797
793	798
793	816
793	871
793	921
793	937
793	946
793	986
794	276
794	500
794	554
794	568
794	590
794	898
794	931
794	949
794	952
794	970
794	993
794	994
794	995
795	239
795	560
795	675
795	759
795	808
795	820
795	828
795	880
795	888
795	904
795	925
795	932
795	958
796	3
796	230
796	382
796	443
796	580
796	665
796	735
796	736
796	819
796	837
796	841
796	869
796	896
796	910
797	320
797	399
797	549
797	720
797	793
797	798
797	816
797	871
797	890
797	921
797	935
797	937
797	946
797	986
798	219
798	309
798	318
798	366
798	367
798	394
798	622
798	763
798	793
798	797
798	830
798	921
798	937
798	986
799	127
799	185
799	253
799	538
799	678
799	701
799	737
799	768
799	826
799	907
799	922
799	963
799	967
799	996
800	42
800	131
800	238
800	342
800	443
800	580
800	604
800	617
800	620
800	628
800	631
800	735
800	819
800	869
801	21
801	437
801	530
801	552
801	567
801	570
801	586
801	606
801	755
801	863
801	877
801	903
801	915
801	988
802	309
802	320
802	394
802	516
802	518
802	661
802	862
802	871
802	890
802	921
802	937
802	946
802	969
802	986
803	240
803	535
803	575
803	597
803	657
803	682
803	867
803	878
803	891
803	908
803	919
803	960
803	975
803	987
804	77
804	268
804	487
804	602
804	622
804	715
804	719
804	875
804	879
804	918
804	923
804	940
804	944
804	971
805	79
805	148
805	180
805	203
805	256
805	375
805	486
805	496
805	607
805	627
805	659
805	703
805	731
805	900
806	215
806	278
806	345
806	377
806	440
806	517
806	529
806	559
806	588
806	636
806	823
806	825
806	848
806	943
807	107
807	258
807	405
807	523
807	529
807	559
807	605
807	636
807	716
807	823
807	827
807	848
807	909
807	943
808	357
808	419
808	592
808	658
808	695
808	759
808	766
808	784
808	795
808	820
808	828
808	880
808	925
808	932
809	302
809	484
809	645
809	705
809	851
809	945
809	953
809	956
809	961
809	974
809	976
809	978
809	983
809	988
810	555
810	840
810	853
810	857
810	865
810	894
810	948
810	955
810	965
810	966
810	970
810	972
810	989
810	992
811	430
811	657
811	727
811	748
811	767
811	783
811	812
811	868
811	878
811	941
811	960
811	975
811	977
811	987
812	317
812	616
812	673
812	707
812	749
812	779
812	811
812	854
812	867
812	891
812	960
812	975
812	987
812	991
813	21
813	402
813	611
813	669
813	700
813	742
813	769
813	881
813	892
813	929
813	938
813	969
813	973
813	1000
814	630
814	647
814	684
814	686
814	781
814	791
814	833
814	872
814	905
814	916
814	926
814	962
814	964
814	982
815	445
815	496
815	740
815	817
815	822
815	882
815	885
815	912
815	934
815	954
815	957
815	977
815	980
815	998
816	23
816	366
816	400
816	661
816	720
816	763
816	793
816	797
816	830
816	862
816	890
816	921
816	946
816	986
817	243
817	558
817	638
817	792
817	815
817	849
817	912
817	928
817	934
817	954
817	957
817	977
817	980
817	998
818	15
818	54
818	82
818	91
818	197
818	325
818	386
818	458
818	494
818	687
818	704
818	733
818	792
818	832
819	131
819	198
819	497
819	506
819	617
819	620
819	631
819	665
819	796
819	800
819	837
819	896
819	899
819	910
819	983
820	349
820	357
820	416
820	499
820	644
820	759
820	785
820	795
820	808
820	828
820	847
820	925
820	932
820	958
820	971
821	50
821	135
821	273
821	468
821	633
821	650
821	728
821	761
821	770
821	782
821	876
821	935
821	942
821	976
821	985
822	247
822	398
822	594
822	598
822	740
822	815
822	849
822	885
822	912
822	928
822	934
822	954
822	980
822	996
822	998
823	170
823	278
823	405
823	460
823	520
823	559
823	588
823	626
823	636
823	716
823	806
823	807
823	827
823	909
823	943
824	455
824	484
824	501
824	667
824	698
824	705
824	714
824	756
824	859
824	953
824	956
824	961
824	978
824	979
824	988
825	30
825	163
825	337
825	416
825	419
825	472
825	585
825	675
825	784
825	806
825	828
825	880
825	904
825	932
825	958
826	130
826	270
826	282
826	348
826	378
826	503
826	563
826	768
826	799
826	907
826	913
826	939
826	959
826	967
826	996
827	278
827	359
827	460
827	517
827	523
827	529
827	559
827	626
827	708
827	716
827	807
827	823
827	848
827	909
827	943
828	416
828	499
828	585
828	675
828	766
828	795
828	808
828	820
828	825
828	847
828	880
828	904
828	911
828	925
828	932
829	72
829	280
829	484
829	522
829	565
829	600
829	786
829	851
829	901
829	936
829	953
829	956
829	974
829	976
829	988
830	23
830	164
830	201
830	318
830	394
830	524
830	662
830	720
830	763
830	798
830	816
830	921
830	946
830	960
830	986
831	145
831	235
831	272
831	511
831	610
831	655
831	780
831	852
831	891
831	897
831	947
831	950
831	981
831	990
831	999
832	15
832	54
832	72
832	91
832	112
832	217
832	259
832	386
832	687
832	704
832	733
832	792
832	818
832	836
832	955
833	248
833	630
833	634
833	639
833	686
833	762
833	814
833	856
833	872
833	905
833	916
833	926
833	962
833	964
833	982
834	5
834	24
834	119
834	189
834	213
834	314
834	465
834	536
834	605
834	621
834	648
834	676
834	696
834	718
834	784
835	11
835	132
835	262
835	612
835	643
835	660
835	719
835	757
835	860
835	914
835	952
835	983
835	993
835	995
835	997
836	54
836	82
836	91
836	259
836	310
836	386
836	458
836	494
836	569
836	687
836	704
836	733
836	792
836	832
836	919
837	131
837	198
837	382
837	443
837	497
837	617
837	628
837	665
837	735
837	736
837	749
837	796
837	819
837	869
837	896
838	134
838	412
838	423
838	674
838	706
838	852
838	886
838	897
838	902
838	917
838	927
838	950
838	981
838	990
838	999
839	89
839	369
839	392
839	612
839	692
839	712
839	845
839	873
839	931
839	933
839	952
839	968
839	983
839	993
839	994
839	995
840	556
840	789
840	810
840	853
840	857
840	865
840	894
840	948
840	955
840	965
840	966
840	970
840	972
840	989
840	992
841	185
841	254
841	358
841	365
841	474
841	654
841	751
841	768
841	776
841	796
841	870
841	895
841	907
841	913
841	922
841	967
842	401
842	449
842	515
842	619
842	700
842	752
842	765
842	777
842	778
842	881
842	892
842	911
842	929
842	938
842	988
842	1000
843	14
843	110
843	327
843	374
843	401
843	515
843	611
843	669
843	717
843	752
843	911
843	918
843	929
843	969
843	973
843	1000
844	96
844	158
844	503
844	534
844	538
844	546
844	694
844	701
844	745
844	751
844	922
844	939
844	959
844	963
844	973
844	996
845	52
845	355
845	393
845	409
845	426
845	839
845	873
845	914
845	931
845	933
845	951
845	968
845	983
845	993
845	995
845	997
846	19
846	33
846	426
846	599
846	656
846	680
846	709
846	788
846	879
846	918
846	923
846	924
846	944
846	948
846	971
846	984
847	156
847	168
847	182
847	289
847	357
847	419
847	560
847	635
847	675
847	759
847	780
847	784
847	820
847	828
847	932
847	958
848	27
848	67
848	170
848	215
848	440
848	517
848	520
848	523
848	588
848	626
848	636
848	806
848	807
848	827
848	909
848	943
849	9
849	88
849	123
849	192
849	528
849	740
849	817
849	822
849	882
849	885
849	928
849	957
849	963
849	977
849	980
849	998
850	35
850	109
850	186
850	237
850	363
850	414
850	434
850	495
850	637
850	649
850	693
850	738
850	772
850	773
850	873
850	884
851	455
851	479
851	484
851	485
851	733
851	756
851	786
851	809
851	829
851	858
851	893
851	953
851	956
851	961
851	974
851	988
852	477
852	543
852	576
852	647
852	706
852	732
852	741
852	790
852	831
852	838
852	886
852	897
852	947
852	950
852	981
852	990
852	999
853	713
853	746
853	754
853	810
853	840
853	857
853	865
853	894
853	914
853	948
853	955
853	965
853	966
853	970
853	972
853	989
853	992
854	80
854	240
854	295
854	396
854	430
854	492
854	673
854	727
854	729
854	748
854	812
854	867
854	878
854	894
854	908
854	975
854	987
855	7
855	173
855	204
855	268
855	356
855	489
855	625
855	715
855	743
855	764
855	918
855	924
855	940
855	953
855	971
855	979
855	984
856	66
856	421
856	634
856	639
856	653
856	679
856	686
856	762
856	791
856	833
856	866
856	872
856	916
856	926
856	962
856	964
856	982
857	399
857	713
857	754
857	789
857	810
857	840
857	853
857	865
857	894
857	948
857	955
857	965
857	966
857	970
857	972
857	989
857	992
858	103
858	302
858	479
858	510
858	535
858	608
858	667
858	698
858	734
858	851
858	883
858	945
858	953
858	974
858	976
858	978
858	988
859	299
859	504
859	593
859	667
859	714
859	723
859	758
859	824
859	888
859	901
859	920
859	936
859	954
859	961
859	976
859	978
859	988
860	287
860	417
860	643
860	660
860	670
860	710
860	835
860	910
860	914
860	927
860	930
860	931
860	949
860	951
860	968
860	994
860	995
861	126
861	284
861	292
861	339
861	406
861	491
861	505
861	633
861	728
861	739
861	761
861	770
861	874
861	876
861	935
861	942
861	985
862	296
862	385
862	399
862	400
862	448
862	512
862	549
862	720
862	763
862	802
862	816
862	871
862	890
862	921
862	926
862	937
862	946
863	150
863	255
863	311
863	488
863	534
863	547
863	548
863	552
863	567
863	570
863	586
863	606
863	755
863	801
863	877
863	903
863	915
864	49
864	143
864	379
864	397
864	435
864	514
864	633
864	721
864	728
864	760
864	761
864	770
864	874
864	876
864	935
864	942
864	985
865	730
865	735
865	754
865	789
865	810
865	840
865	853
865	857
865	894
865	948
865	955
865	965
865	966
865	970
865	972
865	989
865	992
866	66
866	137
866	343
866	431
866	684
866	686
866	750
866	781
866	791
866	856
866	905
866	916
866	926
866	928
866	962
866	964
866	982
867	128
867	281
867	616
867	657
867	663
867	690
867	724
867	803
867	812
867	854
867	879
867	919
867	941
867	960
867	975
867	987
867	991
868	89
868	221
868	274
868	396
868	615
868	682
868	690
868	748
868	757
868	767
868	811
868	878
868	919
868	941
868	960
868	987
868	991
869	140
869	181
869	193
869	444
869	497
869	506
869	580
869	604
869	617
869	628
869	736
869	796
869	800
869	837
869	884
869	896
869	899
870	69
870	319
870	347
870	422
870	534
870	546
870	572
870	596
870	751
870	776
870	841
870	889
870	903
870	906
870	922
870	959
870	963
870	967
871	23
871	201
871	367
871	385
871	394
871	400
871	451
871	512
871	524
871	763
871	793
871	797
871	802
871	862
871	921
871	937
871	946
871	986
872	76
872	431
872	634
872	639
872	679
872	684
872	750
872	762
872	791
872	814
872	833
872	856
872	916
872	926
872	962
872	964
872	982
872	987
873	118
873	313
873	323
873	364
873	532
873	537
873	550
873	556
873	692
873	839
873	845
873	850
873	927
873	930
873	951
873	952
873	983
873	993
874	117
874	220
874	236
874	388
874	406
874	468
874	491
874	514
874	668
874	721
874	760
874	770
874	861
874	864
874	876
874	942
874	970
874	985
875	162
875	279
875	329
875	368
875	395
875	476
875	555
875	691
875	709
875	764
875	804
875	879
875	923
875	940
875	944
875	971
875	979
875	984
876	49
876	135
876	220
876	304
876	379
876	392
876	464
876	650
876	668
876	721
876	739
876	782
876	821
876	861
876	864
876	874
876	935
876	985
877	255
877	311
877	447
877	488
877	547
877	548
877	552
877	567
877	570
877	586
877	606
877	685
877	755
877	789
877	801
877	863
877	903
877	915
878	127
878	353
878	407
878	425
878	584
878	673
878	690
878	729
878	767
878	803
878	811
878	854
878	868
878	941
878	960
878	975
878	987
878	991
879	83
879	251
879	476
879	555
879	562
879	625
879	656
879	691
879	715
879	804
879	846
879	867
879	875
879	918
879	944
879	971
879	979
879	984
880	251
880	289
880	384
880	592
880	635
880	644
880	658
880	675
880	759
880	766
880	784
880	795
880	808
880	825
880	828
880	904
880	925
880	958
881	110
881	402
881	408
881	502
881	507
881	603
881	611
881	700
881	717
881	742
881	769
881	813
881	842
881	892
881	929
881	942
881	969
881	973
881	1000
882	212
882	351
882	445
882	470
882	471
882	579
882	594
882	638
882	815
882	849
882	885
882	912
882	928
882	934
882	954
882	957
882	977
882	980
882	998
883	31
883	34
883	232
883	479
883	554
883	698
883	714
883	725
883	786
883	858
883	888
883	893
883	901
883	920
883	945
883	956
883	974
883	976
883	978
884	35
884	95
884	105
884	129
884	190
884	363
884	424
884	434
884	513
884	637
884	649
884	652
884	693
884	738
884	771
884	772
884	773
884	850
884	869
885	9
885	300
885	322
885	390
885	395
885	598
885	675
885	774
885	815
885	822
885	849
885	882
885	912
885	928
885	954
885	957
885	977
885	980
885	998
886	108
886	209
886	446
886	462
886	533
886	706
886	732
886	741
886	838
886	852
886	897
886	902
886	917
886	938
886	947
886	950
886	981
886	990
886	999
887	125
887	142
887	152
887	187
887	291
887	303
887	330
887	381
887	540
887	545
887	581
887	618
887	664
887	681
887	708
887	734
887	744
887	747
887	913
888	195
888	308
888	453
888	705
888	717
888	795
888	859
888	883
888	893
888	901
888	920
888	936
888	945
888	953
888	956
888	961
888	974
888	976
888	988
889	57
889	254
889	270
889	358
889	461
889	466
889	538
889	582
889	701
889	745
889	870
889	906
889	913
889	922
889	939
889	946
889	959
889	963
889	996
890	2
890	111
890	220
890	299
890	366
890	367
890	473
890	518
890	662
890	763
890	797
890	802
890	816
890	862
890	921
890	937
890	946
890	956
890	986
891	281
891	340
891	396
891	450
891	566
891	591
891	616
891	682
891	690
891	695
891	783
891	803
891	812
891	831
891	941
891	960
891	975
891	987
891	991
892	17
892	415
892	551
892	611
892	669
892	689
892	717
892	777
892	778
892	813
892	842
892	881
892	911
892	929
892	938
892	948
892	969
892	973
892	1000
893	48
893	166
893	223
893	233
893	341
893	432
893	544
893	565
893	756
893	851
893	883
893	888
893	901
893	920
893	945
893	953
893	961
893	976
893	978
893	992
894	651
894	672
894	730
894	746
894	754
894	789
894	810
894	840
894	853
894	854
894	857
894	865
894	948
894	955
894	965
894	966
894	970
894	972
894	989
894	992
895	74
895	93
895	319
895	358
895	381
895	503
895	534
895	538
895	563
895	571
895	595
895	641
895	745
895	841
895	913
895	939
895	959
895	963
895	967
895	996
896	131
896	140
896	193
896	230
896	342
896	444
896	497
896	506
896	580
896	620
896	628
896	724
896	735
896	736
896	796
896	819
896	837
896	869
896	899
896	910
897	61
897	209
897	235
897	272
897	290
897	412
897	674
897	741
897	780
897	790
897	831
897	838
897	852
897	886
897	902
897	916
897	917
897	947
897	981
897	990
897	999
898	59
898	63
898	155
898	174
898	391
898	413
898	527
898	531
898	556
898	590
898	601
898	722
898	794
898	927
898	931
898	933
898	949
898	983
898	994
898	995
898	997
899	3
899	140
899	198
899	230
899	238
899	283
899	342
899	382
899	443
899	444
899	497
899	604
899	620
899	631
899	665
899	735
899	819
899	869
899	896
899	910
899	979
900	79
900	180
900	203
900	256
900	297
900	375
900	380
900	436
900	438
900	483
900	486
900	496
900	539
900	607
900	627
900	659
900	703
900	731
900	753
900	805
900	971
901	28
901	103
901	299
901	510
901	565
901	593
901	645
901	756
901	758
901	829
901	859
901	883
901	888
901	893
901	909
901	936
901	956
901	961
901	976
901	978
901	988
902	6
902	47
902	360
902	482
902	514
902	543
902	610
902	647
902	674
902	732
902	780
902	790
902	838
902	886
902	897
902	917
902	947
902	950
902	981
902	990
902	999
903	85
903	222
903	255
903	311
903	437
903	447
903	488
903	530
903	547
903	548
903	567
903	570
903	586
903	606
903	685
903	755
903	801
903	863
903	870
903	877
903	915
904	156
904	163
904	226
904	337
904	384
904	454
904	560
904	592
904	658
904	759
904	766
904	784
904	785
904	795
904	825
904	828
904	880
904	925
904	932
904	958
904	971
905	104
905	191
905	288
905	336
905	371
905	377
905	526
905	634
905	639
905	653
905	684
905	686
905	750
905	791
905	814
905	833
905	866
905	926
905	962
905	964
905	982
906	93
906	183
906	348
906	365
906	461
906	474
906	513
906	563
906	678
906	737
906	745
906	768
906	870
906	889
906	907
906	922
906	939
906	959
906	963
906	967
906	996
907	74
907	115
907	248
907	293
907	378
907	457
907	571
907	654
907	711
907	745
907	776
907	799
907	826
907	841
907	906
907	913
907	922
907	939
907	959
907	963
907	967
907	996
908	26
908	120
908	165
908	224
908	257
908	340
908	372
908	430
908	541
908	566
908	584
908	727
908	729
908	779
908	803
908	854
908	919
908	929
908	941
908	960
908	975
908	991
909	22
909	58
909	64
909	67
909	245
909	258
909	359
909	440
909	460
909	517
909	520
909	529
909	559
909	588
909	626
909	636
909	807
909	823
909	827
909	848
909	901
909	943
910	3
910	42
910	140
910	181
910	193
910	198
910	342
910	443
910	497
910	506
910	580
910	617
910	620
910	631
910	665
910	735
910	736
910	796
910	819
910	860
910	896
910	899
911	45
911	402
911	408
911	415
911	551
911	603
911	624
911	640
911	669
911	742
911	765
911	777
911	778
911	828
911	842
911	843
911	892
911	929
911	938
911	969
911	973
911	1000
912	10
912	351
912	398
912	451
912	493
912	508
912	558
912	576
912	619
912	740
912	815
912	817
912	822
912	882
912	885
912	928
912	934
912	954
912	957
912	977
912	980
912	998
913	69
913	179
913	572
913	574
913	596
913	641
913	678
913	694
913	701
913	737
913	751
913	776
913	826
913	841
913	887
913	889
913	895
913	907
913	922
913	939
913	959
913	967
913	996
914	229
914	271
914	287
914	334
914	409
914	509
914	568
914	612
914	643
914	646
914	729
914	835
914	845
914	853
914	860
914	930
914	933
914	949
914	951
914	952
914	968
914	983
914	995
914	997
915	21
915	85
915	150
915	222
915	255
915	311
915	437
915	447
915	488
915	530
915	541
915	547
915	548
915	552
915	567
915	570
915	586
915	606
915	685
915	755
915	801
915	863
915	877
915	903
916	104
916	288
916	336
916	371
916	431
916	634
916	653
916	679
916	686
916	750
916	762
916	781
916	791
916	814
916	833
916	856
916	866
916	872
916	897
916	926
916	962
916	964
916	982
916	984
917	55
917	145
917	157
917	177
917	423
917	446
917	477
917	511
917	533
917	647
917	655
917	674
917	697
917	732
917	838
917	886
917	897
917	902
917	947
917	950
917	978
917	981
917	990
917	999
918	33
918	204
918	208
918	267
918	329
918	356
918	426
918	489
918	562
918	671
918	677
918	709
918	743
918	788
918	804
918	843
918	846
918	855
918	879
918	924
918	940
918	944
918	971
918	979
918	984
919	53
919	89
919	120
919	257
919	338
919	372
919	541
919	597
919	616
919	690
919	695
919	724
919	727
919	749
919	767
919	779
919	783
919	803
919	836
919	867
919	868
919	908
919	941
919	960
919	987
920	65
920	136
920	166
920	246
920	308
920	470
920	504
920	522
920	698
920	714
920	725
920	758
920	786
920	859
920	883
920	888
920	893
920	936
920	945
920	953
920	956
920	974
920	976
920	978
920	988
921	51
921	296
921	312
921	421
921	473
921	512
921	516
921	518
921	524
921	599
921	662
921	720
921	763
921	793
921	797
921	798
921	802
921	816
921	830
921	862
921	871
921	890
921	937
921	946
921	986
922	38
922	70
922	96
922	172
922	254
922	307
922	411
922	422
922	463
922	572
922	694
922	751
922	799
922	841
922	844
922	870
922	889
922	906
922	907
922	913
922	939
922	959
922	963
922	967
922	996
923	73
923	83
923	173
923	228
923	260
923	267
923	368
923	410
923	489
923	498
923	599
923	602
923	622
923	625
923	680
923	755
923	788
923	804
923	846
923	875
923	924
923	940
923	944
923	971
923	979
923	984
924	73
924	154
924	176
924	228
924	410
924	476
924	487
924	489
924	602
924	622
924	625
924	677
924	680
924	688
924	743
924	764
924	846
924	855
924	918
924	923
924	940
924	944
924	971
924	980
924	984
924	997
925	182
925	239
925	337
925	349
925	357
925	384
925	499
925	560
925	585
925	592
925	635
925	644
925	675
925	759
925	766
925	784
925	785
925	795
925	808
925	820
925	828
925	880
925	904
925	932
925	955
925	958
926	86
926	114
926	138
926	288
926	294
926	336
926	343
926	352
926	526
926	639
926	679
926	684
926	750
926	781
926	791
926	814
926	833
926	856
926	862
926	866
926	872
926	905
926	916
926	962
926	964
926	982
927	52
927	59
927	334
927	433
927	452
927	481
927	537
927	550
927	623
927	657
927	710
927	838
927	860
927	873
927	898
927	930
927	933
927	949
927	951
927	952
927	968
927	983
927	993
927	994
927	995
927	997
928	188
928	243
928	298
928	322
928	374
928	395
928	398
928	439
928	493
928	508
928	528
928	638
928	774
928	817
928	822
928	849
928	866
928	882
928	885
928	912
928	934
928	954
928	957
928	977
928	980
928	998
929	262
929	327
929	401
929	402
929	502
929	515
929	551
929	589
929	624
929	629
929	640
929	669
929	689
929	742
929	752
929	765
929	778
929	813
929	842
929	843
929	881
929	892
929	908
929	911
929	938
929	969
929	1000
930	155
930	194
930	242
930	266
930	364
930	433
930	489
930	509
930	531
930	554
930	568
930	623
930	660
930	692
930	712
930	787
930	860
930	873
930	914
930	927
930	933
930	952
930	968
930	979
930	993
930	995
930	997
931	11
931	37
931	123
931	169
931	194
931	403
931	417
931	433
931	459
931	568
931	590
931	692
931	702
931	787
931	794
931	839
931	845
931	860
931	898
931	933
931	949
931	951
931	957
931	983
931	993
931	994
931	995
931	997
932	30
932	56
932	182
932	226
932	289
932	349
932	384
932	472
932	499
932	560
932	592
932	635
932	644
932	673
932	675
932	766
932	784
932	785
932	795
932	808
932	820
932	825
932	828
932	847
932	904
932	925
932	958
932	998
933	11
933	229
933	355
933	364
933	369
933	392
933	409
933	413
933	521
933	532
933	590
933	697
933	722
933	757
933	787
933	839
933	845
933	898
933	914
933	927
933	930
933	931
933	951
933	952
933	983
933	993
933	995
933	997
934	98
934	178
934	188
934	298
934	322
934	395
934	439
934	493
934	508
934	528
934	576
934	594
934	598
934	638
934	665
934	740
934	774
934	815
934	817
934	822
934	882
934	912
934	928
934	954
934	957
934	977
934	980
934	998
935	50
935	126
935	202
935	205
935	210
935	216
935	264
935	304
935	332
935	379
935	388
935	397
935	406
935	468
935	633
935	668
935	721
935	760
935	761
935	770
935	782
935	797
935	821
935	861
935	864
935	876
935	942
935	985
936	46
936	85
936	144
936	299
936	308
936	344
936	375
936	383
936	504
936	535
936	577
936	608
936	714
936	723
936	756
936	786
936	829
936	859
936	888
936	901
936	920
936	945
936	953
936	956
936	961
936	976
936	978
936	988
937	25
937	51
937	164
937	312
937	318
937	320
937	366
937	385
937	389
937	400
937	421
937	423
937	448
937	512
937	516
937	524
937	661
937	662
937	793
937	797
937	798
937	802
937	862
937	871
937	890
937	921
937	946
937	981
937	986
938	14
938	17
938	41
938	62
938	101
938	275
938	301
938	327
938	331
938	374
938	402
938	442
938	454
938	507
938	589
938	669
938	700
938	752
938	777
938	778
938	813
938	842
938	886
938	892
938	911
938	929
938	969
938	973
938	1000
939	78
939	347
939	348
939	365
939	389
939	411
939	457
939	503
939	534
939	546
939	596
939	641
939	654
939	678
939	699
939	701
939	768
939	776
939	826
939	844
939	889
939	895
939	906
939	907
939	913
939	922
939	959
939	963
939	996
940	83
940	159
940	161
940	208
940	267
940	356
940	487
940	498
940	562
940	573
940	599
940	622
940	671
940	674
940	680
940	688
940	691
940	702
940	764
940	804
940	855
940	875
940	918
940	923
940	924
940	944
940	971
940	979
940	984
941	89
941	128
941	141
941	295
941	360
941	396
941	430
941	441
941	553
941	566
941	615
941	673
941	682
941	724
941	729
941	749
941	767
941	779
941	783
941	811
941	867
941	868
941	878
941	891
941	908
941	919
941	960
941	965
941	975
941	987
942	97
942	117
942	135
942	143
942	202
942	236
942	264
942	284
942	292
942	304
942	388
942	397
942	427
942	505
942	633
942	650
942	668
942	678
942	721
942	739
942	761
942	770
942	782
942	821
942	861
942	864
942	874
942	881
942	935
942	985
943	22
943	27
943	58
943	64
943	67
943	170
943	215
943	245
943	258
943	278
943	345
943	377
943	440
943	460
943	517
943	520
943	523
943	529
943	559
943	588
943	626
943	636
943	716
943	806
943	807
943	823
943	827
943	848
943	909
943	952
944	19
944	73
944	83
944	99
944	106
944	151
944	173
944	251
944	350
944	362
944	599
944	602
944	622
944	671
944	677
944	691
944	788
944	804
944	846
944	875
944	879
944	918
944	923
944	924
944	940
944	945
944	957
944	971
944	979
944	984
945	4
945	103
945	195
945	291
945	326
945	341
945	435
945	479
945	522
945	542
945	565
945	609
945	645
945	698
945	705
945	714
945	758
945	786
945	809
945	858
945	883
945	888
945	893
945	920
945	936
945	944
945	956
945	974
945	976
945	978
945	988
946	2
946	51
946	84
946	102
946	111
946	160
946	164
946	296
946	312
946	389
946	399
946	400
946	473
946	516
946	549
946	662
946	720
946	763
946	779
946	793
946	797
946	802
946	816
946	830
946	862
946	871
946	889
946	890
946	921
946	937
946	986
947	6
947	61
947	108
947	172
947	218
947	235
947	244
947	277
947	412
947	446
947	462
947	533
947	543
947	647
947	655
947	674
947	689
947	697
947	706
947	732
947	790
947	831
947	852
947	886
947	897
947	902
947	917
947	950
947	981
947	990
947	999
948	651
948	672
948	713
948	730
948	746
948	754
948	789
948	810
948	840
948	846
948	853
948	857
948	865
948	892
948	894
948	955
948	965
948	966
948	970
948	972
948	989
948	992
949	29
949	227
949	271
949	287
949	323
949	452
949	459
949	500
949	521
949	574
949	601
949	623
949	692
949	702
949	710
949	712
949	722
949	787
949	794
949	860
949	898
949	914
949	927
949	931
949	951
949	952
949	968
949	983
949	993
949	994
949	995
949	997
950	84
950	172
950	177
950	211
950	218
950	244
950	423
950	446
950	456
950	462
950	482
950	511
950	543
950	610
950	647
950	674
950	697
950	706
950	741
950	780
950	790
950	831
950	838
950	852
950	886
950	902
950	917
950	947
950	976
950	981
950	990
950	999
951	43
951	242
951	250
951	276
951	355
951	413
951	452
951	480
951	532
951	537
951	590
951	646
951	670
951	702
951	719
951	722
951	726
951	785
951	845
951	860
951	873
951	914
951	927
951	931
951	933
951	949
951	952
951	968
951	983
951	993
951	994
951	995
951	997
952	43
952	100
952	132
952	155
952	229
952	250
952	313
952	392
952	409
952	452
952	459
952	480
952	590
952	699
952	702
952	719
952	757
952	794
952	835
952	839
952	873
952	914
952	927
952	930
952	933
952	943
952	949
952	951
952	983
952	993
952	994
952	995
952	997
953	28
953	48
953	65
953	246
953	326
953	341
953	383
953	453
953	485
953	522
953	600
953	608
953	645
953	667
953	698
953	705
953	712
953	756
953	786
953	809
953	824
953	829
953	851
953	855
953	858
953	888
953	893
953	920
953	936
953	974
953	976
953	978
953	988
954	88
954	92
954	98
954	234
954	243
954	247
954	249
954	252
954	300
954	398
954	445
954	451
954	470
954	493
954	558
954	576
954	579
954	594
954	598
954	740
954	774
954	815
954	817
954	822
954	859
954	882
954	885
954	912
954	928
954	934
954	957
954	980
954	998
955	490
955	587
955	651
955	672
955	713
955	730
955	746
955	754
955	789
955	810
955	832
955	840
955	853
955	857
955	865
955	894
955	925
955	948
955	965
955	966
955	970
955	972
955	989
955	992
956	65
956	78
956	280
956	299
956	324
956	391
956	453
956	479
956	504
956	510
956	535
956	544
956	565
956	600
956	608
956	609
956	723
956	756
956	786
956	809
956	824
956	829
956	851
956	883
956	888
956	890
956	901
956	920
956	936
956	945
956	961
956	974
956	976
956	988
957	10
957	39
957	100
957	123
957	214
957	234
957	243
957	249
957	298
957	300
957	390
957	439
957	451
957	508
957	558
957	576
957	579
957	638
957	740
957	774
957	815
957	817
957	849
957	882
957	885
957	912
957	928
957	931
957	934
957	944
957	954
957	977
957	980
957	998
958	32
958	56
958	156
958	168
958	178
958	182
958	226
958	239
958	289
958	337
958	357
958	416
958	419
958	472
958	499
958	585
958	592
958	635
958	644
958	658
958	675
958	759
958	766
958	784
958	785
958	795
958	820
958	825
958	847
958	880
958	904
958	925
958	932
958	986
959	200
959	248
959	253
959	282
959	319
959	358
959	411
959	422
959	463
959	474
959	538
959	563
959	574
959	595
959	701
959	711
959	737
959	745
959	751
959	768
959	826
959	844
959	870
959	889
959	895
959	906
959	907
959	913
959	922
959	939
959	963
959	967
959	993
959	996
960	24
960	115
960	274
960	281
960	295
960	340
960	353
960	372
960	418
960	450
960	566
960	584
960	591
960	657
960	663
960	673
960	727
960	748
960	749
960	779
960	783
960	803
960	811
960	812
960	830
960	867
960	868
960	878
960	891
960	908
960	919
960	941
960	975
960	987
960	991
961	4
961	16
961	223
961	233
961	286
961	308
961	324
961	344
961	391
961	432
961	501
961	510
961	577
961	593
961	600
961	667
961	714
961	722
961	725
961	756
961	758
961	786
961	809
961	824
961	851
961	859
961	888
961	893
961	901
961	936
961	956
961	974
961	976
961	988
961	989
962	86
962	114
962	137
962	138
962	148
962	199
962	288
962	293
962	336
962	343
962	352
962	371
962	526
962	630
962	634
962	639
962	642
962	653
962	679
962	684
962	750
962	753
962	762
962	781
962	791
962	814
962	833
962	856
962	866
962	872
962	905
962	916
962	926
962	964
962	982
963	38
963	70
963	74
963	127
963	185
963	307
963	373
963	457
963	461
963	463
963	466
963	546
963	563
963	572
963	574
963	595
963	654
963	678
963	751
963	768
963	776
963	799
963	844
963	849
963	870
963	889
963	895
963	906
963	907
963	922
963	939
963	959
963	967
963	978
963	996
964	29
964	66
964	76
964	86
964	137
964	148
964	191
964	199
964	294
964	336
964	343
964	431
964	495
964	526
964	596
964	630
964	634
964	653
964	679
964	684
964	686
964	750
964	762
964	781
964	791
964	814
964	833
964	856
964	866
964	872
964	905
964	916
964	926
964	962
964	982
965	122
965	231
965	305
965	315
965	335
965	354
965	467
965	469
965	490
965	561
965	587
965	651
965	672
965	713
965	723
965	730
965	746
965	754
965	789
965	810
965	840
965	853
965	857
965	865
965	894
965	941
965	948
965	955
965	966
965	970
965	972
965	989
965	992
966	13
966	116
966	139
966	252
966	305
966	315
966	316
966	335
966	354
966	467
966	469
966	490
966	500
966	561
966	587
966	625
966	651
966	672
966	713
966	730
966	746
966	754
966	789
966	810
966	840
966	853
966	857
966	865
966	894
966	948
966	955
966	965
966	970
966	972
966	989
966	992
967	69
967	158
967	185
967	196
967	207
967	255
967	270
967	282
967	347
967	358
967	422
967	457
967	461
967	466
967	503
967	546
967	571
967	582
967	596
967	654
967	678
967	694
967	776
967	799
967	826
967	841
967	870
967	895
967	906
967	907
967	913
967	922
967	959
967	963
967	974
967	996
968	40
968	63
968	276
968	313
968	355
968	392
968	403
968	417
968	459
968	480
968	481
968	500
968	527
968	550
968	568
968	601
968	646
968	660
968	670
968	679
968	712
968	787
968	839
968	845
968	860
968	914
968	927
968	930
968	949
968	951
968	983
968	993
968	994
968	995
968	997
968	1000
969	45
969	101
969	262
969	275
969	285
969	327
969	331
969	374
969	408
969	415
969	454
969	507
969	551
969	603
969	611
969	619
969	624
969	629
969	689
969	692
969	700
969	717
969	742
969	752
969	769
969	777
969	778
969	802
969	813
969	843
969	881
969	892
969	911
969	929
969	938
969	973
970	8
970	139
970	167
970	224
970	252
970	277
970	305
970	315
970	335
970	354
970	467
970	469
970	490
970	561
970	587
970	651
970	672
970	713
970	730
970	746
970	754
970	789
970	794
970	810
970	840
970	853
970	857
970	865
970	874
970	894
970	948
970	955
970	965
970	966
970	972
970	989
970	992
971	77
971	87
971	106
971	130
971	151
971	162
971	176
971	204
971	279
971	362
971	387
971	426
971	555
971	573
971	599
971	656
971	671
971	677
971	715
971	743
971	764
971	788
971	804
971	820
971	846
971	855
971	875
971	879
971	900
971	904
971	918
971	923
971	924
971	940
971	944
971	979
971	984
972	8
972	13
972	113
972	122
972	167
972	200
972	231
972	277
972	305
972	316
972	467
972	469
972	490
972	561
972	587
972	620
972	651
972	672
972	713
972	730
972	746
972	754
972	766
972	789
972	810
972	840
972	853
972	857
972	865
972	894
972	948
972	955
972	965
972	966
972	970
972	989
972	992
973	17
973	31
973	68
973	262
973	275
973	301
973	327
973	401
973	404
973	449
973	454
973	502
973	515
973	523
973	589
973	603
973	624
973	640
973	669
973	689
973	700
973	717
973	742
973	752
973	765
973	769
973	777
973	778
973	813
973	843
973	844
973	881
973	892
973	911
973	938
973	969
973	1000
974	16
974	34
974	46
974	144
974	273
974	286
974	361
974	383
974	435
974	453
974	501
974	510
974	522
974	544
974	577
974	593
974	645
974	705
974	723
974	725
974	756
974	758
974	786
974	809
974	829
974	851
974	858
974	883
974	888
974	920
974	945
974	953
974	956
974	961
974	967
974	976
974	978
974	988
975	1
975	26
975	53
975	80
975	115
975	128
975	141
975	257
975	353
975	396
975	418
975	536
975	541
975	553
975	575
975	584
975	597
975	615
975	616
975	673
975	682
975	690
975	691
975	695
975	749
975	779
975	783
975	803
975	811
975	812
975	854
975	867
975	878
975	891
975	908
975	941
975	960
975	991
975	999
976	16
976	144
976	232
976	246
976	286
976	324
976	383
976	453
976	455
976	485
976	501
976	542
976	565
976	577
976	600
976	645
976	714
976	723
976	725
976	758
976	809
976	821
976	829
976	858
976	859
976	883
976	888
976	893
976	901
976	920
976	936
976	945
976	950
976	953
976	956
976	961
976	974
976	978
976	988
977	9
977	39
977	88
977	92
977	98
977	100
977	178
977	188
977	192
977	212
977	214
977	247
977	249
977	300
977	322
977	351
977	390
977	395
977	439
977	470
977	492
977	558
977	576
977	579
977	594
977	598
977	740
977	774
977	811
977	815
977	817
977	849
977	882
977	885
977	912
977	928
977	934
977	957
977	980
977	998
978	4
978	34
978	46
978	195
978	233
978	326
978	341
978	361
978	391
978	435
978	455
978	479
978	485
978	501
978	577
978	600
978	608
978	609
978	645
978	698
978	723
978	725
978	756
978	758
978	809
978	824
978	858
978	859
978	883
978	893
978	901
978	917
978	920
978	936
978	945
978	953
978	963
978	974
978	976
978	988
979	7
979	77
979	87
979	99
979	146
979	154
979	159
979	162
979	175
979	208
979	260
979	279
979	350
979	362
979	387
979	426
979	487
979	489
979	498
979	562
979	573
979	602
979	625
979	656
979	671
979	688
979	715
979	788
979	824
979	855
979	875
979	879
979	899
979	918
979	923
979	930
979	940
979	944
979	971
979	984
980	10
980	92
980	98
980	212
980	214
980	234
980	243
980	247
980	249
980	333
980	351
980	390
980	439
980	470
980	493
980	508
980	528
980	558
980	576
980	579
980	594
980	631
980	638
980	740
980	774
980	790
980	815
980	817
980	822
980	849
980	882
980	885
980	912
980	924
980	928
980	934
980	954
980	957
980	977
980	998
981	47
981	55
981	108
981	147
981	179
981	211
981	218
981	235
981	244
981	272
981	290
981	360
981	412
981	425
981	456
981	477
981	511
981	533
981	543
981	610
981	647
981	655
981	674
981	697
981	706
981	732
981	741
981	780
981	790
981	831
981	838
981	852
981	886
981	897
981	902
981	917
981	937
981	947
981	950
981	990
981	999
982	29
982	66
982	76
982	88
982	104
982	114
982	137
982	138
982	148
982	191
982	199
982	288
982	294
982	343
982	352
982	371
982	431
982	526
982	630
982	634
982	639
982	642
982	653
982	679
982	684
982	686
982	700
982	750
982	762
982	781
982	791
982	814
982	833
982	856
982	866
982	872
982	905
982	916
982	926
982	962
982	964
983	37
983	40
983	118
983	138
983	153
983	174
983	184
983	227
983	242
983	276
983	287
983	531
983	537
983	568
983	590
983	643
983	670
983	692
983	699
983	712
983	719
983	757
983	787
983	809
983	819
983	835
983	839
983	845
983	873
983	898
983	914
983	927
983	931
983	933
983	949
983	951
983	952
983	968
983	993
983	994
983	995
983	997
984	7
984	99
984	106
984	175
984	176
984	204
984	210
984	260
984	267
984	356
984	362
984	368
984	387
984	410
984	426
984	555
984	562
984	573
984	599
984	625
984	656
984	671
984	680
984	688
984	691
984	709
984	743
984	764
984	788
984	846
984	855
984	875
984	879
984	916
984	918
984	923
984	924
984	940
984	944
984	971
984	979
984	991
985	49
985	97
985	117
985	135
985	143
985	202
985	205
985	206
985	210
985	264
985	273
985	284
985	292
985	304
985	332
985	379
985	388
985	397
985	427
985	464
985	468
985	491
985	505
985	514
985	527
985	633
985	650
985	668
985	721
985	739
985	760
985	761
985	770
985	782
985	821
985	861
985	864
985	874
985	876
985	935
985	942
985	996
986	2
986	25
986	102
986	111
986	160
986	164
986	201
986	219
986	296
986	309
986	312
986	320
986	366
986	367
986	385
986	389
986	399
986	400
986	448
986	473
986	512
986	516
986	518
986	524
986	549
986	661
986	662
986	696
986	720
986	763
986	793
986	797
986	798
986	802
986	816
986	830
986	871
986	890
986	921
986	937
986	946
986	958
986	992
987	141
987	240
987	257
987	295
987	317
987	321
987	338
987	340
987	353
987	372
987	425
987	441
987	450
987	492
987	541
987	553
987	566
987	584
987	591
987	615
987	616
987	657
987	663
987	695
987	724
987	727
987	729
987	748
987	767
987	776
987	783
987	803
987	811
987	812
987	854
987	867
987	868
987	872
987	878
987	891
987	919
987	941
987	960
988	16
988	166
988	195
988	232
988	246
988	286
988	302
988	308
988	326
988	344
988	391
988	432
988	485
988	504
988	535
988	542
988	577
988	608
988	609
988	645
988	667
988	705
988	723
988	758
988	786
988	801
988	809
988	824
988	829
988	842
988	851
988	858
988	859
988	888
988	901
988	920
988	936
988	945
988	953
988	956
988	961
988	974
988	976
988	978
989	8
989	13
989	113
989	116
989	122
989	139
989	167
989	200
989	224
989	231
989	252
989	277
989	315
989	316
989	335
989	354
989	467
989	469
989	490
989	561
989	587
989	651
989	672
989	713
989	730
989	746
989	754
989	789
989	810
989	840
989	853
989	857
989	865
989	894
989	948
989	955
989	961
989	965
989	966
989	970
989	972
989	992
989	996
989	997
990	6
990	61
990	134
990	145
990	147
990	168
990	172
990	177
990	209
990	211
990	244
990	272
990	290
990	412
990	423
990	446
990	456
990	477
990	482
990	511
990	533
990	610
990	636
990	647
990	655
990	674
990	697
990	706
990	732
990	741
990	767
990	780
990	790
990	831
990	838
990	852
990	886
990	897
990	902
990	917
990	947
990	950
990	981
990	999
991	1
991	26
991	53
991	80
991	116
991	128
991	141
991	221
991	240
991	274
991	281
991	295
991	317
991	321
991	353
991	407
991	441
991	492
991	541
991	553
991	575
991	584
991	591
991	615
991	616
991	657
991	663
991	682
991	695
991	724
991	727
991	729
991	745
991	749
991	783
991	812
991	867
991	868
991	878
991	891
991	908
991	960
991	975
991	984
992	8
992	13
992	113
992	116
992	122
992	139
992	167
992	200
992	224
992	231
992	252
992	276
992	277
992	305
992	315
992	316
992	335
992	354
992	467
992	469
992	490
992	561
992	587
992	651
992	672
992	713
992	730
992	746
992	754
992	789
992	810
992	840
992	853
992	857
992	865
992	893
992	894
992	948
992	955
992	965
992	966
992	970
992	972
992	986
992	989
993	43
993	169
993	174
993	184
993	194
993	227
993	312
993	313
993	323
993	393
993	433
993	480
993	481
993	509
993	521
993	550
993	612
993	623
993	643
993	646
993	660
993	699
993	712
993	715
993	719
993	722
993	757
993	787
993	794
993	835
993	839
993	845
993	873
993	927
993	930
993	931
993	933
993	949
993	951
993	952
993	959
993	968
993	983
993	994
993	995
993	997
994	37
994	40
994	153
994	169
994	174
994	229
994	242
994	264
994	271
994	409
994	413
994	417
994	433
994	480
994	500
994	531
994	532
994	550
994	554
994	568
994	590
994	608
994	610
994	612
994	623
994	643
994	646
994	660
994	699
994	722
994	757
994	787
994	794
994	839
994	860
994	898
994	927
994	931
994	949
994	951
994	952
994	968
994	983
994	993
994	995
994	997
995	94
995	227
995	334
995	369
995	393
995	403
995	417
995	480
995	481
995	509
995	521
995	531
995	532
995	537
995	554
995	601
995	612
995	646
995	660
995	670
995	692
995	702
995	712
995	719
995	722
995	772
995	794
995	835
995	839
995	845
995	860
995	898
995	914
995	927
995	930
995	931
995	933
995	949
995	951
995	952
995	968
995	983
995	993
995	994
995	997
995	1000
996	18
996	57
996	69
996	70
996	74
996	196
996	248
996	253
996	270
996	282
996	293
996	307
996	319
996	347
996	370
996	373
996	457
996	466
996	474
996	538
996	546
996	572
996	582
996	595
996	596
996	641
996	694
996	701
996	737
996	751
996	776
996	799
996	822
996	826
996	844
996	889
996	895
996	906
996	907
996	913
996	922
996	939
996	959
996	963
996	967
996	985
996	989
997	40
997	52
997	63
997	132
997	155
997	184
997	250
997	286
997	369
997	393
997	403
997	413
997	481
997	500
997	509
997	527
997	550
997	556
997	601
997	623
997	643
997	646
997	670
997	699
997	702
997	710
997	712
997	722
997	757
997	835
997	845
997	898
997	914
997	924
997	927
997	930
997	931
997	933
997	949
997	951
997	952
997	968
997	983
997	989
997	993
997	994
997	995
998	9
998	10
998	25
998	39
998	92
998	100
998	123
998	150
998	178
998	188
998	192
998	212
998	214
998	298
998	300
998	322
998	333
998	351
998	395
998	398
998	439
998	445
998	451
998	470
998	493
998	508
998	528
998	558
998	579
998	594
998	598
998	638
998	740
998	774
998	815
998	817
998	822
998	849
998	882
998	885
998	912
998	928
998	932
998	934
998	954
998	957
998	977
998	980
999	6
999	47
999	55
999	61
999	108
999	134
999	145
999	147
999	177
999	209
999	211
999	218
999	244
999	272
999	290
999	360
999	412
999	423
999	446
999	456
999	462
999	477
999	482
999	499
999	511
999	533
999	543
999	610
999	628
999	647
999	655
999	674
999	697
999	706
999	732
999	741
999	780
999	790
999	831
999	838
999	852
999	886
999	897
999	902
999	917
999	947
999	950
999	975
999	981
999	990
1000	14
1000	31
1000	36
1000	41
1000	45
1000	62
1000	68
1000	101
1000	110
1000	241
1000	262
1000	285
1000	301
1000	331
1000	401
1000	404
1000	408
1000	415
1000	449
1000	454
1000	502
1000	507
1000	515
1000	551
1000	589
1000	603
1000	624
1000	629
1000	640
1000	669
1000	700
1000	717
1000	742
1000	752
1000	759
1000	765
1000	769
1000	777
1000	778
1000	813
1000	842
1000	843
1000	881
1000	892
1000	911
1000	929
1000	938
1000	968
1000	973
1000	995
