1	8 
2	13 
3	10 
4	20 
5	9 
6	6 
7	9 
8	9 
9	20 
10	2 
11	18 
12	3 
13	3 
14	2 
15	14 
16	11 
17	4 
18	8 
19	1 
20	1 
21	5 
22	2 
23	14 
24	19 
25	8 
26	8 
27	6 
28	1 
29	4 
30	20 
31	9 
32	5 
33	7 
34	19 
35	6 
36	11 
37	2 
38	3 
39	7 
40	16 
41	4 
42	8 
43	1 
44	8 
45	15 
46	3 
47	15 
48	13 
49	3 
50	19 
51	15 
52	6 
53	8 
54	12 
55	17 
56	2 
57	9 
58	16 
59	13 
60	5 
61	11 
62	6 
63	4 
64	5 
65	8 
66	11 
67	17 
68	1 
69	3 
70	3 
71	1 
72	15 
73	19 
74	15 
75	16 
76	12 
77	17 
78	20 
79	20 
80	8 
81	20 
82	4 
83	3 
84	3 
85	14 
86	6 
87	13 
88	1 
89	20 
90	1 
91	15 
92	16 
93	2 
94	6 
95	19 
96	8 
97	15 
98	14 
99	2 
100	18 
101	6 
102	4 
103	18 
104	18 
105	15 
106	6 
107	4 
108	5 
109	6 
110	2 
111	10 
112	3 
113	6 
114	13 
115	17 
116	15 
117	10 
118	19 
119	5 
120	3 
121	7 
122	15 
123	4 
124	6 
125	17 
126	3 
127	14 
128	8 
129	6 
130	8 
131	3 
132	17 
133	11 
134	7 
135	4 
136	7 
137	13 
138	19 
139	10 
140	19 
141	4 
142	6 
143	15 
144	4 
145	3 
146	7 
147	6 
148	8 
149	19 
150	5 
151	9 
152	19 
153	2 
154	15 
155	18 
156	19 
157	5 
158	15 
159	13 
160	8 
161	6 
162	17 
163	8 
164	19 
165	15 
166	15 
167	7 
168	6 
169	4 
170	7 
171	3 
172	18 
173	2 
174	17 
175	16 
176	19 
177	4 
178	19 
179	13 
180	3 
181	15 
182	16 
183	8 
184	6 
185	17 
186	5 
187	6 
188	2 
189	18 
190	5 
191	5 
192	5 
193	11 
194	20 
195	15 
196	3 
197	15 
198	16 
199	6 
200	2 
201	17 
202	8 
203	11 
204	14 
205	19 
206	11 
207	6 
208	20 
209	19 
210	7 
211	1 
212	15 
213	4 
214	7 
215	20 
216	19 
217	15 
218	9 
219	5 
220	13 
221	19 
222	8 
223	5 
224	16 
225	4 
226	3 
227	16 
228	5 
229	3 
230	14 
231	18 
232	2 
233	18 
234	20 
235	14 
236	15 
237	17 
238	14 
239	2 
240	6 
241	4 
242	3 
243	3 
244	12 
245	17 
246	6 
247	17 
248	17 
249	16 
250	17 
251	20 
252	8 
253	15 
254	6 
255	5 
256	13 
257	6 
258	3 
259	17 
260	3 
261	5 
262	1 
263	12 
264	19 
265	8 
266	16 
267	4 
268	5 
269	13 
270	11 
271	6 
272	20 
273	3 
274	18 
275	16 
276	8 
277	8 
278	13 
279	6 
280	5 
281	12 
282	3 
283	15 
284	6 
285	11 
286	8 
287	9 
288	4 
289	3 
290	5 
291	5 
292	5 
293	4 
294	1 
295	10 
296	8 
297	6 
298	10 
299	3 
300	6 
301	3 
302	12 
303	1 
304	5 
305	9 
306	18 
307	10 
308	9 
309	8 
310	14 
311	13 
312	18 
313	5 
314	15 
315	19 
316	6 
317	1 
318	8 
319	14 
320	4 
321	16 
322	4 
323	3 
324	16 
325	19 
326	9 
327	7 
328	12 
329	15 
330	6 
331	15 
332	9 
333	9 
334	19 
335	3 
336	5 
337	16 
338	2 
339	9 
340	1 
341	14 
342	1 
343	5 
344	11 
345	3 
346	4 
347	12 
348	16 
349	3 
350	3 
351	3 
352	8 
353	20 
354	13 
355	8 
356	3 
357	12 
358	19 
359	14 
360	4 
361	8 
362	16 
363	17 
364	6 
365	9 
366	13 
367	12 
368	8 
369	13 
370	13 
371	4 
372	14 
373	6 
374	17 
375	19 
376	12 
377	17 
378	20 
379	3 
380	5 
381	19 
382	19 
383	4 
384	1 
385	6 
386	20 
387	5 
388	8 
389	5 
390	8 
391	4 
392	5 
393	14 
394	6 
395	12 
396	2 
397	8 
398	4 
399	20 
400	10 
401	13 
402	19 
403	3 
404	16 
405	13 
406	18 
407	10 
408	11 
409	14 
410	16 
411	13 
412	12 
413	19 
414	8 
415	11 
416	4 
417	6 
418	17 
419	9 
420	17 
421	20 
422	3 
423	6 
424	6 
425	4 
426	7 
427	8 
428	6 
429	13 
430	18 
431	19 
432	14 
433	7 
434	14 
435	3 
436	16 
437	15 
438	5 
439	13 
440	8 
441	12 
442	4 
443	12 
444	14 
445	15 
446	7 
447	3 
448	4 
449	19 
450	3 
451	20 
452	4 
453	20 
454	14 
455	4 
456	18 
457	20 
458	3 
459	19 
460	15 
461	13 
462	6 
463	5 
464	1 
465	5 
466	8 
467	15 
468	17 
469	20 
470	10 
471	5 
472	9 
473	7 
474	4 
475	18 
476	17 
477	15 
478	8 
479	14 
480	19 
481	17 
482	1 
483	18 
484	11 
485	8 
486	3 
487	1 
488	4 
489	6 
490	9 
491	3 
492	16 
493	4 
494	15 
495	2 
496	3 
497	16 
498	15 
499	10 
500	7 
501	10 
502	15 
503	17 
504	19 
505	20 
506	14 
507	19 
508	17 
509	16 
510	9 
511	14 
512	1 
513	11 
514	3 
515	19 
516	17 
517	19 
518	6 
519	4 
520	8 
521	3 
522	14 
523	9 
524	16 
525	14 
526	15 
527	8 
528	16 
529	17 
530	9 
531	1 
532	6 
533	8 
534	3 
535	4 
536	8 
537	13 
538	7 
539	12 
540	17 
541	8 
542	11 
543	9 
544	12 
545	6 
546	19 
547	13 
548	17 
549	16 
550	8 
551	6 
552	14 
553	15 
554	11 
555	13 
556	17 
557	18 
558	8 
559	17 
560	17 
561	18 
562	20 
563	17 
564	1 
565	6 
566	9 
567	9 
568	18 
569	19 
570	1 
571	9 
572	20 
573	1 
574	16 
575	12 
576	18 
577	16 
578	6 
579	18 
580	6 
581	14 
582	4 
583	6 
584	16 
585	4 
586	15 
587	15 
588	12 
589	18 
590	4 
591	4 
592	15 
593	19 
594	10 
595	3 
596	3 
597	5 
598	5 
599	18 
600	9 
601	8 
602	3 
603	6 
604	17 
605	8 
606	6 
607	6 
608	10 
609	17 
610	2 
611	9 
612	11 
613	18 
614	16 
615	1 
616	5 
617	20 
618	6 
619	6 
620	5 
621	19 
622	18 
623	17 
624	11 
625	6 
626	7 
627	1 
628	1 
629	6 
630	4 
631	4 
632	5 
633	11 
634	1 
635	20 
636	9 
637	7 
638	5 
639	12 
640	15 
641	9 
642	9 
643	14 
644	17 
645	17 
646	6 
647	1 
648	4 
649	6 
650	6 
651	19 
652	1 
653	4 
654	8 
655	16 
656	13 
657	13 
658	7 
659	4 
660	8 
661	20 
662	8 
663	11 
664	18 
665	8 
666	3 
667	3 
668	18 
669	10 
670	10 
671	16 
672	20 
673	19 
674	18 
675	8 
676	1 
677	16 
678	6 
679	6 
680	8 
681	8 
682	13 
683	18 
684	3 
685	5 
686	17 
687	12 
688	18 
689	6 
690	8 
691	19 
692	5 
693	4 
694	17 
695	18 
696	4 
697	12 
698	13 
699	12 
700	17 
701	9 
702	19 
703	1 
704	4 
705	6 
706	4 
707	4 
708	19 
709	9 
710	14 
711	19 
712	5 
713	2 
714	2 
715	2 
716	11 
717	16 
718	3 
719	5 
720	4 
721	13 
722	2 
723	7 
724	19 
725	16 
726	4 
727	11 
728	6 
729	15 
730	16 
731	10 
732	8 
733	5 
734	6 
735	10 
736	13 
737	8 
738	7 
739	15 
740	11 
741	6 
742	16 
743	20 
744	16 
745	16 
746	19 
747	6 
748	6 
749	15 
750	9 
751	16 
752	2 
753	12 
754	2 
755	4 
756	15 
757	5 
758	14 
759	8 
760	10 
761	16 
762	5 
763	11 
764	15 
765	14 
766	5 
767	9 
768	18 
769	16 
770	7 
771	17 
772	6 
773	20 
774	8 
775	5 
776	7 
777	6 
778	1 
779	1 
780	20 
781	17 
782	5 
783	5 
784	12 
785	20 
786	18 
787	15 
788	1 
789	20 
790	4 
791	4 
792	20 
793	10 
794	6 
795	2 
796	16 
797	9 
798	6 
799	15 
800	15 
801	4 
802	3 
803	1 
804	6 
805	19 
806	19 
807	16 
808	7 
809	5 
810	14 
811	3 
812	18 
813	5 
814	10 
815	20 
816	8 
817	1 
818	1 
819	5 
820	9 
821	9 
822	15 
823	1 
824	14 
825	15 
826	13 
827	12 
828	4 
829	4 
830	6 
831	16 
832	4 
833	6 
834	19 
835	4 
836	1 
837	13 
838	8 
839	15 
840	9 
841	3 
842	5 
843	17 
844	19 
845	19 
846	19 
847	5 
848	2 
849	18 
850	3 
851	4 
852	18 
853	6 
854	15 
855	14 
856	10 
857	13 
858	18 
859	8 
860	8 
861	2 
862	14 
863	4 
864	8 
865	8 
866	10 
867	3 
868	15 
869	19 
870	9 
871	14 
872	5 
873	2 
874	6 
875	1 
876	13 
877	6 
878	13 
879	17 
880	10 
881	8 
882	8 
883	1 
884	2 
885	19 
886	17 
887	20 
888	2 
889	12 
890	1 
891	5 
892	14 
893	4 
894	11 
895	8 
896	9 
897	3 
898	15 
899	16 
900	20 
901	15 
902	4 
903	14 
904	2 
905	8 
906	1 
907	11 
908	14 
909	20 
910	14 
911	12 
912	3 
913	11 
914	19 
915	14 
916	17 
917	19 
918	18 
919	10 
920	9 
921	19 
922	14 
923	11 
924	3 
925	4 
926	5 
927	4 
928	8 
929	18 
930	9 
931	17 
932	19 
933	8 
934	3 
935	8 
936	15 
937	18 
938	14 
939	5 
940	17 
941	17 
942	19 
943	5 
944	5 
945	4 
946	1 
947	15 
948	4 
949	14 
950	18 
951	8 
952	2 
953	4 
954	5 
955	8 
956	15 
957	5 
958	20 
959	4 
960	4 
961	14 
962	3 
963	4 
964	3 
965	3 
966	5 
967	9 
968	19 
969	3 
970	5 
971	6 
972	6 
973	4 
974	19 
975	16 
976	14 
977	3 
978	20 
979	20 
980	8 
981	20 
982	15 
983	6 
984	3 
985	17 
986	1 
987	17 
988	1 
989	8 
990	5 
991	1 
992	6 
993	1 
994	19 
995	8 
996	3 
997	19 
998	19 
999	4 
1000	15 
