1	864
1	955
1	989
1	995
2	429
2	826
2	837
2	878
3	470
3	866
3	919
3	950
4	909
4	958
4	978
4	981
5	332
5	870
5	920
5	967
6	747
6	874
6	972
6	992
7	339
7	920
7	930
7	967
8	530
8	896
8	930
8	967
9	958
9	978
9	979
9	981
10	715
10	861
10	888
10	952
11	231
11	683
11	852
11	950
12	496
12	897
12	912
12	996
13	595
13	965
13	969
13	977
14	722
14	888
14	904
14	997
15	506
15	855
15	910
15	938
16	624
16	716
16	727
16	923
17	346
17	755
17	801
17	851
18	270
18	277
18	309
18	838
19	883
19	946
19	988
19	993
20	875
20	906
20	986
20	991
21	387
21	943
21	954
21	957
22	848
22	884
22	904
22	952
23	910
23	922
23	949
23	976
24	724
24	746
24	968
24	997
25	838
25	865
25	933
25	989
26	160
26	933
26	980
26	989
27	618
27	772
27	798
27	874
28	915
28	946
28	988
28	991
29	828
29	925
29	927
29	960
30	505
30	958
30	979
30	981
31	523
31	701
31	750
31	870
32	471
32	632
32	944
32	990
33	146
33	419
33	637
33	808
34	914
34	942
34	974
34	994
35	804
35	833
35	971
35	972
36	740
36	894
36	907
36	923
37	396
37	722
37	861
37	952
38	867
38	934
38	984
38	996
39	123
39	426
39	738
39	776
40	497
40	761
40	899
40	975
41	828
41	927
41	945
41	999
42	296
42	935
42	980
42	995
43	303
43	988
43	991
43	993
44	265
44	895
44	905
44	980
45	116
45	587
45	947
45	1000
46	521
46	912
46	964
46	969
47	72
47	756
47	936
47	982
48	87
48	555
48	876
48	878
49	602
49	912
49	965
49	996
50	974
50	994
50	997
50	998
51	822
51	936
51	947
51	1000
52	284
52	748
52	971
52	972
53	690
53	918
53	928
53	995
54	575
54	697
54	699
54	784
55	694
55	931
55	940
55	985
56	848
56	873
56	904
56	952
57	636
57	920
57	930
57	967
58	175
58	410
58	794
58	975
59	278
59	369
59	537
59	857
60	719
60	783
60	957
60	970
61	740
61	907
61	913
61	923
62	603
62	798
62	830
62	877
63	720
63	927
63	945
63	999
64	944
64	946
64	966
64	990
65	737
65	860
65	881
65	928
66	203
66	405
66	913
66	923
67	516
67	609
67	985
67	987
68	823
68	986
68	991
68	993
69	766
69	934
69	969
69	984
70	924
70	965
70	969
70	996
71	906
71	986
71	991
71	993
72	47
72	822
72	947
72	1000
73	358
73	914
73	994
73	997
74	97
74	764
74	825
74	839
75	730
75	831
75	899
75	975
76	281
76	539
76	753
76	889
77	781
77	931
77	940
77	985
78	815
78	900
78	978
78	981
79	900
79	978
79	979
79	981
80	536
80	865
80	933
80	989
81	572
81	900
81	958
81	981
82	590
82	835
82	973
82	999
83	353
83	934
83	962
83	977
84	841
84	912
84	984
84	996
85	828
85	903
85	938
85	976
86	246
86	741
86	853
86	983
87	48
87	461
87	878
87	926
88	986
88	988
88	991
88	993
89	958
89	978
89	979
89	981
90	482
90	823
90	988
90	993
91	756
91	822
91	839
91	901
92	509
92	584
92	751
92	807
93	873
93	884
93	904
93	952
94	113
94	625
94	649
94	777
95	869
95	968
95	997
95	998
96	541
96	865
96	933
96	935
97	74
97	586
97	868
97	956
98	871
98	910
98	915
98	961
99	752
99	848
99	884
99	952
100	430
100	483
100	622
100	950
101	124
101	217
101	565
101	983
102	267
102	851
102	925
102	927
103	456
103	668
103	918
103	950
104	929
104	937
104	950
104	985
105	799
105	854
105	982
105	1000
106	424
106	532
106	734
106	972
107	590
107	720
107	832
107	877
108	717
108	926
108	966
108	990
109	583
109	689
109	968
109	992
110	754
110	861
110	873
110	952
111	856
111	866
111	880
111	919
112	120
112	850
112	964
112	977
113	94
113	618
113	853
113	992
114	657
114	837
114	878
114	983
115	476
115	481
115	940
115	985
116	45
116	947
116	982
116	1000
117	461
117	856
117	880
117	919
118	517
118	994
118	997
118	998
119	762
119	954
119	966
119	990
120	112
120	962
120	984
120	996
121	626
121	770
121	776
121	808
122	825
122	901
122	936
122	1000
123	39
123	945
123	948
123	963
124	101
124	578
124	972
124	983
125	916
125	931
125	985
125	987
126	969
126	977
126	984
126	996
127	892
127	938
127	949
127	976
128	275
128	928
128	951
128	989
129	199
129	385
129	798
129	992
130	935
130	951
130	955
130	989
131	538
131	841
131	984
131	996
132	645
132	941
132	985
132	987
133	894
133	907
133	913
133	923
134	136
134	626
134	723
134	943
135	829
135	945
135	948
135	963
136	134
136	214
136	776
136	808
137	537
137	633
137	826
137	878
138	921
138	942
138	997
138	998
139	670
139	735
139	856
139	919
140	381
140	974
140	997
140	998
141	801
141	829
141	863
141	999
142	830
142	971
142	983
142	992
143	396
143	587
143	764
143	982
144	320
144	893
144	959
144	999
145	788
145	924
145	977
145	984
146	33
146	723
146	770
146	836
147	606
147	853
147	983
147	989
148	479
148	935
148	989
148	995
149	711
149	932
149	974
149	998
150	891
150	920
150	943
150	990
151	636
151	840
151	870
151	967
152	845
152	942
152	997
152	998
153	713
153	848
153	888
153	952
154	719
154	799
154	956
154	1000
155	786
155	858
155	898
155	937
156	164
156	315
156	921
156	968
157	872
157	966
157	970
157	990
158	640
158	822
158	956
158	1000
159	401
159	698
159	721
159	857
160	26
160	478
160	541
160	989
161	257
161	741
161	972
161	992
162	503
162	931
162	985
162	987
163	859
163	860
163	881
163	995
164	156
164	205
164	751
164	885
165	947
165	956
165	982
165	1000
166	936
166	947
166	982
166	1000
167	473
167	538
167	738
167	770
168	394
168	777
168	804
168	992
169	474
169	630
169	863
169	953
170	500
170	658
170	723
170	776
171	802
171	964
171	965
171	969
172	602
172	918
172	929
172	937
173	795
173	861
173	884
173	952
174	559
174	902
174	985
174	987
175	58
175	524
175	655
175	730
176	974
176	994
176	997
176	998
177	902
177	925
177	973
177	999
178	974
178	994
178	997
178	998
179	220
179	429
179	876
179	878
180	811
180	897
180	962
180	969
181	800
181	822
181	947
181	1000
182	266
182	362
182	742
182	769
183	276
183	630
183	864
183	905
184	833
184	874
184	936
184	971
185	764
185	843
185	941
185	985
186	392
186	842
186	943
186	970
187	578
187	606
187	983
187	992
188	888
188	904
188	949
188	952
189	475
189	786
189	858
189	937
190	392
190	926
190	939
190	980
191	957
191	966
191	970
191	990
192	719
192	762
192	809
192	813
193	763
193	907
193	913
193	923
194	780
194	978
194	979
194	981
195	800
195	898
195	982
195	1000
196	811
196	867
196	934
196	996
197	494
197	749
197	936
197	982
198	404
198	549
198	899
198	975
199	129
199	874
199	972
199	992
200	754
200	884
200	904
200	952
201	931
201	940
201	985
201	987
202	485
202	774
202	882
202	989
203	66
203	894
203	913
203	923
204	539
204	855
204	961
204	976
205	164
205	869
205	932
205	998
206	516
206	894
206	913
206	923
207	618
207	798
207	853
207	992
208	887
208	958
208	979
208	981
209	702
209	846
209	917
209	942
210	473
210	637
210	658
210	776
211	384
211	988
211	991
211	993
212	640
212	956
212	982
212	1000
213	488
213	863
213	953
213	999
214	136
214	738
214	776
214	808
215	958
215	978
215	979
215	981
216	968
216	974
216	994
216	997
217	101
217	592
217	822
217	854
218	709
218	821
218	930
218	967
219	872
219	957
219	966
219	990
220	179
220	682
220	826
220	837
221	917
221	974
221	994
221	998
222	440
222	933
222	980
222	995
223	939
223	944
223	957
223	970
224	324
224	574
224	963
224	975
225	416
225	790
225	863
225	960
226	962
226	977
226	984
226	996
227	671
227	677
227	745
227	831
228	471
228	939
228	944
228	970
229	379
229	850
229	964
229	977
230	710
230	871
230	938
230	976
231	11
231	858
231	937
231	950
232	276
232	610
232	873
232	952
233	456
233	718
233	849
233	937
234	785
234	978
234	979
234	981
235	855
235	862
235	938
235	961
236	739
236	839
236	936
236	956
236	1000
237	259
237	686
237	879
237	940
237	985
238	710
238	758
238	855
238	862
238	976
239	722
239	861
239	873
239	904
239	952
240	734
240	830
240	877
240	972
240	992
241	590
241	828
241	863
241	893
241	953
242	458
242	962
242	965
242	977
242	996
243	301
243	934
243	965
243	967
243	969
244	575
244	639
244	699
244	889
244	911
245	521
245	560
245	781
245	985
245	987
246	86
246	316
246	649
246	804
246	983
247	644
247	843
247	916
247	985
247	987
248	626
248	686
248	694
248	941
248	987
249	744
249	769
249	807
249	831
249	975
250	623
250	879
250	940
250	941
250	987
251	900
251	958
251	978
251	979
251	981
252	838
252	865
252	980
252	989
252	995
253	868
253	936
253	947
253	956
253	982
254	462
254	603
254	625
254	971
254	999
255	685
255	842
255	939
255	944
255	954
256	411
256	439
256	837
256	857
256	876
257	161
257	271
257	727
257	971
257	983
258	356
258	897
258	962
258	965
258	996
259	237
259	886
259	916
259	985
259	987
260	335
260	934
260	965
260	969
260	984
261	438
261	939
261	954
261	957
261	990
262	908
262	946
262	986
262	991
262	993
263	443
263	697
263	699
263	889
263	911
264	805
264	834
264	932
264	942
264	998
265	44
265	690
265	732
265	759
265	995
266	182
266	574
266	744
266	745
266	975
267	102
267	425
267	631
267	973
267	999
268	768
268	782
268	809
268	943
268	957
269	401
269	461
269	857
269	876
269	878
270	18
270	716
270	907
270	913
270	923
271	257
271	625
271	734
271	804
271	992
272	773
272	887
272	900
272	978
272	981
273	541
273	897
273	962
273	969
273	977
274	613
274	674
274	812
274	849
274	958
275	128
275	524
275	730
275	796
275	975
276	183
276	232
276	732
276	935
276	980
277	18
277	654
277	905
277	989
277	995
278	59
278	366
278	713
278	721
278	837
279	741
279	798
279	972
279	983
279	992
280	392
280	620
280	842
280	957
280	990
281	76
281	753
281	827
281	889
281	911
282	839
282	867
282	897
282	984
282	996
283	868
283	936
283	956
283	982
283	1000
284	52
284	394
284	428
284	618
284	833
285	554
285	663
285	907
285	913
285	923
286	860
286	933
286	935
286	989
286	995
287	611
287	810
287	821
287	840
287	870
288	945
288	948
288	963
288	973
288	999
289	912
289	962
289	969
289	984
289	996
290	692
290	819
290	842
290	944
290	966
291	847
291	872
291	939
291	943
291	966
292	632
292	872
292	939
292	970
292	990
293	591
293	835
293	945
293	963
293	973
294	946
294	986
294	988
294	991
294	993
295	760
295	793
295	866
295	880
295	919
296	42
296	951
296	980
296	989
296	995
297	629
297	728
297	747
297	794
297	983
298	669
298	760
298	866
298	880
298	919
299	521
299	964
299	969
299	984
299	996
300	338
300	734
300	747
300	877
300	992
301	243
301	850
301	965
301	969
301	977
302	367
302	575
302	639
302	784
302	911
303	43
303	788
303	791
303	986
303	991
304	387
304	620
304	670
304	712
304	762
305	365
305	530
305	820
305	870
305	930
306	599
306	929
306	937
306	950
306	987
307	501
307	760
307	856
307	880
307	919
308	333
308	701
308	920
308	930
308	967
309	18
309	466
309	905
309	928
309	980
310	892
310	915
310	949
310	961
310	976
311	370
311	429
311	657
311	857
311	876
312	576
312	812
312	918
312	929
312	937
313	616
313	692
313	813
313	939
313	944
314	502
314	898
314	956
314	982
314	1000
315	156
315	330
315	917
315	968
315	998
316	246
316	649
316	833
316	893
316	983
317	531
317	986
317	988
317	991
317	993
318	397
318	933
318	935
318	980
318	995
319	765
319	824
319	938
319	949
319	961
320	144
320	902
320	959
320	960
320	999
321	324
321	684
321	730
321	745
321	975
322	631
322	720
322	902
322	925
322	999
323	706
323	841
323	964
323	977
323	984
324	224
324	321
324	887
324	899
324	975
325	334
325	917
325	994
325	997
325	998
326	339
326	510
326	820
326	840
326	920
327	426
327	433
327	446
327	637
327	970
328	395
328	753
328	827
328	889
328	911
329	729
329	739
329	799
329	868
329	1000
330	315
330	462
330	853
330	877
330	971
331	729
331	854
331	898
331	956
331	1000
332	5
332	870
332	896
332	920
332	967
333	308
333	365
333	870
333	896
333	967
334	325
334	845
334	921
334	942
334	968
335	260
335	934
335	964
335	969
335	977
336	926
336	943
336	944
336	954
336	966
337	436
337	549
337	725
337	745
337	975
338	300
338	795
338	888
338	904
338	952
339	7
339	326
339	641
339	767
339	967
340	946
340	986
340	988
340	991
340	993
341	892
341	903
341	915
341	938
341	976
342	788
342	959
342	986
342	988
342	993
343	847
343	926
343	966
343	970
343	990
344	727
344	740
344	894
344	907
344	913
345	458
345	924
345	964
345	984
345	996
346	17
346	591
346	720
346	893
346	948
347	687
347	699
347	753
347	827
347	911
348	509
348	577
348	584
348	730
348	975
349	379
349	897
349	962
349	965
349	996
350	924
350	962
350	984
350	993
350	996
351	667
351	811
351	962
351	964
351	965
352	601
352	681
352	690
352	838
352	989
353	83
353	792
353	978
353	979
353	981
354	485
354	537
354	837
354	857
354	876
355	605
355	875
355	882
355	955
355	995
356	258
356	534
356	897
356	977
356	996
357	544
357	588
357	784
357	889
357	911
358	73
358	932
358	994
358	997
358	998
359	824
359	871
359	903
359	961
359	976
360	371
360	448
360	960
360	973
360	999
361	859
361	860
361	951
361	955
361	980
362	182
362	436
362	725
362	751
362	975
363	686
363	931
363	940
363	985
363	987
364	424
364	747
364	777
364	971
364	992
365	305
365	333
365	543
365	896
365	930
366	278
366	698
366	721
366	857
366	876
367	302
367	687
367	699
367	784
367	827
368	838
368	864
368	881
368	935
368	980
369	59
369	547
369	826
369	876
369	878
370	311
370	721
370	736
370	826
370	876
371	360
371	832
371	945
371	963
371	999
372	511
372	810
372	938
372	949
372	976
373	603
373	689
373	705
373	853
373	983
374	476
374	879
374	916
374	940
374	985
375	746
375	834
375	932
375	974
375	998
376	639
376	753
376	784
376	827
376	911
377	771
377	781
377	931
377	985
377	987
378	562
378	909
378	958
378	978
378	979
379	229
379	349
379	684
379	867
379	969
380	597
380	856
380	943
380	954
380	990
381	140
381	845
381	846
381	974
381	994
382	708
382	932
382	942
382	997
382	998
383	706
383	927
383	945
383	959
383	963
384	211
384	570
384	988
384	991
384	993
385	129
385	705
385	873
385	983
385	992
386	773
386	887
386	909
386	978
386	979
386	981
387	21
387	304
387	809
387	872
387	970
387	990
388	414
388	550
388	660
388	882
388	989
388	995
389	847
389	939
389	943
389	954
389	970
389	990
390	527
390	905
390	951
390	955
390	980
390	995
391	648
391	755
391	790
391	902
391	973
391	999
392	186
392	190
392	280
392	847
392	954
392	990
393	552
393	908
393	922
393	938
393	949
393	961
394	168
394	284
394	565
394	650
394	971
394	972
395	328
395	575
395	697
395	753
395	889
395	911
396	37
396	143
396	714
396	754
396	884
396	952
397	318
397	605
397	895
397	928
397	955
397	989
398	493
398	653
398	801
398	919
398	945
398	999
399	900
399	909
399	958
399	978
399	979
399	981
400	735
400	793
400	814
400	866
400	880
400	919
401	159
401	269
401	411
401	555
401	657
401	876
402	711
402	834
402	968
402	994
402	997
402	998
403	826
403	850
403	962
403	977
403	984
403	996
404	198
404	577
404	745
404	831
404	899
404	975
405	66
405	411
405	555
405	656
405	837
405	876
406	622
406	688
406	768
406	849
406	858
406	929
407	594
407	731
407	735
407	793
407	814
407	919
408	542
408	663
408	894
408	907
408	913
408	923
409	892
409	908
409	915
409	949
409	961
409	976
410	58
410	717
410	761
410	769
410	975
410	984
411	256
411	401
411	405
411	682
411	721
411	857
412	588
412	639
412	699
412	827
412	889
412	911
413	702
413	914
413	968
413	994
413	997
413	998
414	388
414	550
414	895
414	928
414	955
414	980
415	513
415	727
415	763
415	805
415	894
415	913
416	225
416	442
416	953
416	959
416	963
416	999
417	489
417	625
417	748
417	971
417	972
417	983
418	623
418	916
418	931
418	941
418	985
418	987
419	33
419	472
419	750
419	896
419	920
419	930
420	771
420	886
420	937
420	940
420	985
420	987
421	887
421	900
421	909
421	978
421	979
421	981
422	802
422	850
422	897
422	912
422	964
422	969
423	607
423	625
423	728
423	747
423	886
423	972
424	106
424	364
424	565
424	741
424	794
424	971
425	267
425	535
425	704
425	925
425	948
425	953
426	39
426	327
426	626
426	738
426	770
426	776
427	859
427	860
427	881
427	905
427	955
427	980
428	284
428	619
428	777
428	853
428	874
428	992
429	2
429	179
429	311
429	656
429	857
429	878
430	100
430	768
430	849
430	918
430	929
430	950
431	885
431	914
431	921
431	968
431	974
431	997
432	758
432	765
432	862
432	903
432	908
432	976
433	327
433	500
433	626
433	723
433	738
433	808
434	810
434	910
434	922
434	949
434	972
434	976
435	718
435	924
435	934
435	964
435	969
435	996
436	337
436	362
436	614
436	677
436	751
436	975
437	898
437	901
437	936
437	947
437	962
437	982
438	261
438	782
438	943
438	957
438	970
438	990
439	256
439	555
439	698
439	721
439	736
439	826
440	222
440	466
440	864
440	980
440	989
440	995
441	539
441	575
441	687
441	697
441	889
441	911
442	416
442	720
442	755
442	835
442	927
442	999
443	263
443	697
443	784
443	827
443	889
443	911
444	892
444	903
444	915
444	938
444	961
444	976
445	467
445	825
445	868
445	901
445	936
445	982
446	327
446	473
446	658
446	723
446	738
446	808
447	912
447	962
447	964
447	977
447	984
447	996
448	360
448	945
448	948
448	953
448	960
448	963
449	786
449	932
449	974
449	994
449	997
449	998
450	867
450	924
450	964
450	965
450	977
450	984
451	672
451	743
451	789
451	978
451	979
451	981
452	790
452	832
452	863
452	953
452	960
452	994
453	792
453	815
453	958
453	978
453	979
453	981
454	479
454	852
454	862
454	908
454	910
454	915
455	659
455	696
455	755
455	801
455	953
455	963
456	103
456	233
456	568
456	579
456	732
456	937
457	661
457	900
457	958
457	978
457	979
457	981
458	242
458	345
458	596
458	964
458	965
458	969
459	724
459	917
459	932
459	994
459	997
459	998
460	787
460	799
460	901
460	938
460	956
460	1000
461	87
461	117
461	269
461	656
461	698
461	736
462	254
462	330
462	649
462	874
462	983
462	997
463	783
463	872
463	926
463	943
463	970
463	990
464	836
464	906
464	986
464	988
464	991
464	993
465	719
465	766
465	926
465	939
465	944
465	970
466	309
466	440
466	933
466	935
466	980
466	995
467	445
467	587
467	898
467	947
467	956
467	1000
468	686
468	886
468	916
468	931
468	941
468	985
469	780
469	900
469	958
469	978
469	979
469	981
470	3
470	814
470	856
470	866
470	919
470	969
471	32
471	228
471	775
471	847
471	926
471	990
472	419
472	701
472	820
472	821
472	920
472	930
473	167
473	210
473	446
473	561
473	770
473	776
474	169
474	582
474	648
474	851
474	902
474	960
475	189
475	768
475	918
475	929
475	937
475	950
476	115
476	374
476	886
476	940
476	985
476	987
477	494
477	825
477	839
477	898
477	982
477	1000
478	160
478	816
478	895
478	980
478	989
478	995
479	148
479	454
479	765
479	908
479	961
479	976
480	691
480	921
480	932
480	968
480	974
480	997
481	115
481	540
481	559
481	609
481	940
481	987
482	90
482	883
482	986
482	988
482	991
482	993
483	100
483	622
483	683
483	768
483	852
483	950
484	727
484	740
484	894
484	907
484	913
484	923
485	202
485	354
485	550
485	732
485	859
485	995
486	897
486	934
486	964
486	977
486	984
486	996
487	615
487	883
487	906
487	946
487	988
487	991
487	993
488	213
488	835
488	927
488	945
488	948
488	960
488	999
489	417
489	518
489	545
489	650
489	734
489	874
489	972
490	510
490	566
490	750
490	797
490	821
490	927
490	967
491	595
491	602
491	934
491	962
491	969
491	984
491	996
492	642
492	730
492	742
492	761
492	796
492	899
492	975
493	398
493	693
493	755
493	902
493	927
493	973
493	999
494	197
494	477
494	854
494	936
494	947
494	982
494	1000
495	669
495	861
495	873
495	884
495	888
495	904
495	952
496	12
496	830
496	897
496	965
496	977
496	984
496	996
497	40
497	574
497	677
497	725
497	744
497	751
497	807
498	868
498	901
498	947
498	956
498	962
498	982
498	1000
499	731
499	735
499	814
499	856
499	866
499	880
499	919
500	170
500	433
500	658
500	723
500	738
500	770
500	808
501	307
501	594
501	793
501	814
501	856
501	866
501	919
502	314
502	749
502	800
502	901
502	936
502	982
502	1000
503	162
503	781
503	886
503	916
503	925
503	931
503	987
504	673
504	846
504	917
504	942
504	994
504	997
504	998
505	30
505	815
505	887
505	909
505	958
505	979
505	981
506	15
506	862
506	908
506	910
506	922
506	938
506	961
507	815
507	846
507	885
507	917
507	968
507	994
507	997
508	540
508	644
508	686
508	879
508	931
508	941
508	987
509	92
509	348
509	671
509	742
509	831
509	899
509	975
510	326
510	490
510	567
510	600
510	750
510	797
510	967
511	372
511	643
511	871
511	908
511	915
511	922
511	976
512	778
512	946
512	986
512	988
512	991
512	993
512	996
513	415
513	612
513	716
513	894
513	907
513	913
513	923
514	596
514	912
514	924
514	962
514	964
514	977
514	996
515	844
515	917
515	940
515	974
515	994
515	997
515	998
516	67
516	206
516	700
516	843
516	931
516	941
516	987
517	118
517	691
517	806
517	846
517	914
517	968
517	998
518	489
518	741
518	748
518	833
518	867
518	877
518	972
519	530
519	755
519	893
519	925
519	948
519	953
519	960
520	665
520	859
520	864
520	881
520	980
520	989
520	995
521	46
521	245
521	299
521	811
521	934
521	965
521	977
522	810
522	903
522	910
522	915
522	922
522	949
522	976
523	31
523	571
523	636
523	709
523	912
523	920
523	967
524	175
524	275
524	742
524	807
524	831
524	899
524	964
525	892
525	908
525	922
525	938
525	949
525	961
525	976
526	764
526	787
526	800
526	868
526	936
526	947
526	982
527	390
527	816
527	859
527	881
527	928
527	951
527	995
528	655
528	671
528	796
528	831
528	899
528	909
528	975
529	563
529	843
529	879
529	931
529	941
529	985
529	987
530	8
530	305
530	519
530	709
530	821
530	930
530	967
531	317
531	647
531	875
531	986
531	988
531	991
531	993
532	106
532	646
532	784
532	830
532	874
532	983
532	992
533	681
533	690
533	860
533	864
533	865
533	882
533	933
534	356
534	867
534	924
534	964
534	965
534	984
534	996
535	425
535	648
535	927
535	953
535	959
535	973
535	999
536	80
536	681
536	860
536	865
536	882
536	935
536	955
537	59
537	137
537	354
537	656
537	657
537	682
537	857
538	131
538	167
538	637
538	658
538	723
538	770
538	776
539	76
539	204
539	441
539	544
539	639
539	889
539	911
540	481
540	508
540	886
540	916
540	941
540	985
540	987
541	96
541	160
541	273
541	905
541	935
541	989
541	995
542	408
542	554
542	633
542	740
542	894
542	907
542	923
543	365
543	701
543	750
543	821
543	896
543	920
543	930
544	357
544	539
544	699
544	753
544	767
544	827
544	911
545	489
545	678
545	679
545	689
545	877
545	972
545	988
546	691
546	932
546	942
546	968
546	974
546	994
546	998
547	369
547	682
547	721
547	837
547	857
547	878
547	932
548	621
548	645
548	694
548	700
548	771
548	916
548	985
549	198
549	337
549	574
549	807
549	831
549	899
549	975
550	388
550	414
550	485
550	864
550	865
550	882
550	995
551	689
551	748
551	877
551	971
551	972
551	983
551	999
552	393
552	824
552	862
552	910
552	922
552	949
552	961
553	854
553	868
553	922
553	947
553	956
553	982
553	1000
554	285
554	542
554	612
554	716
554	907
554	913
554	975
555	48
555	401
555	405
555	439
555	698
555	826
555	837
556	644
556	916
556	931
556	941
556	952
556	985
556	987
557	568
557	786
557	918
557	929
557	937
557	950
557	960
558	734
558	838
558	860
558	895
558	905
558	955
558	995
559	174
559	481
559	879
559	916
559	940
559	941
559	987
560	245
560	781
560	879
560	916
560	931
560	940
560	941
561	473
561	812
561	849
561	918
561	929
561	937
561	950
562	378
562	672
562	909
562	958
562	978
562	979
562	981
563	529
563	645
563	879
563	916
563	931
563	940
563	941
564	788
564	836
564	946
564	986
564	988
564	991
564	993
565	101
565	394
565	424
565	578
565	619
565	679
565	798
565	983
566	490
566	642
566	709
566	797
566	840
566	870
566	896
566	967
567	510
567	820
567	840
567	870
567	896
567	920
567	930
567	967
568	456
568	557
568	674
568	849
568	918
568	929
568	937
568	950
569	651
569	806
569	845
569	914
569	942
569	994
569	997
569	998
570	384
570	862
570	883
570	890
570	986
570	988
570	991
570	993
571	523
571	641
571	767
571	797
571	820
571	920
571	930
571	967
572	81
572	691
572	743
572	792
572	900
572	978
572	979
572	981
573	703
573	779
573	883
573	946
573	986
573	988
573	991
573	993
574	224
574	266
574	497
574	549
574	725
574	742
574	744
574	975
575	54
575	244
575	302
575	395
575	441
575	827
575	853
575	889
576	312
576	668
576	683
576	812
576	852
576	858
576	929
576	950
577	348
577	404
577	655
577	717
577	725
577	742
577	769
577	975
578	124
578	187
578	565
578	772
578	911
578	972
578	983
578	992
579	456
579	613
579	664
579	812
579	849
579	918
579	937
579	992
580	705
580	741
580	772
580	794
580	833
580	874
580	983
580	992
581	855
581	862
581	892
581	915
581	922
581	949
581	961
581	976
582	474
582	832
582	851
582	927
582	948
582	960
582	963
582	973
583	109
583	607
583	705
583	853
583	877
583	971
583	972
583	992
584	92
584	348
584	671
584	677
584	725
584	761
584	769
584	899
585	630
585	790
585	893
585	902
585	947
585	959
585	960
585	999
586	97
586	739
586	854
586	868
586	947
586	956
586	982
586	1000
587	45
587	143
587	467
587	825
587	936
587	947
587	982
587	1000
588	357
588	412
588	651
588	687
588	697
588	784
588	827
588	911
589	683
589	768
589	812
589	820
589	852
589	858
589	918
589	950
590	82
590	107
590	241
590	863
590	959
590	960
590	973
590	999
591	293
591	346
591	755
591	829
591	893
591	953
591	959
591	999
592	217
592	818
592	825
592	839
592	868
592	956
592	982
592	1000
593	746
593	844
593	846
593	932
593	974
593	994
593	997
593	998
594	407
594	501
594	731
594	735
594	793
594	866
594	880
594	919
595	13
595	491
595	802
595	962
595	964
595	965
595	977
595	996
596	458
596	514
596	867
596	897
596	912
596	977
596	984
596	996
597	380
597	677
597	712
597	809
597	813
597	872
597	891
597	970
598	692
598	819
598	847
598	872
598	891
598	944
598	954
598	990
599	306
599	688
599	852
599	888
599	918
599	929
599	937
599	950
600	510
600	709
600	750
600	797
600	820
600	920
600	930
600	967
601	352
601	774
601	816
601	933
601	951
601	955
601	980
601	989
602	49
602	172
602	491
602	802
602	924
602	964
602	965
602	984
603	62
603	254
603	373
603	649
603	741
603	971
603	972
603	983
604	609
604	771
604	916
604	931
604	940
604	941
604	985
604	987
605	355
605	397
605	660
605	860
605	882
605	905
605	935
605	980
606	147
606	187
606	618
606	649
606	705
606	734
606	830
606	971
607	423
607	583
607	619
607	646
607	723
607	728
607	971
607	992
608	669
608	731
608	735
608	793
608	856
608	880
608	919
608	979
609	67
609	481
609	604
609	771
609	781
609	843
609	940
609	987
610	232
610	715
610	722
610	861
610	873
610	888
610	904
610	952
611	287
611	767
611	821
611	840
611	870
611	896
611	930
611	967
612	513
612	554
612	663
612	763
612	894
612	913
612	923
612	953
613	274
613	579
613	688
613	695
613	786
613	858
613	929
613	950
614	436
614	655
614	717
614	761
614	769
614	796
614	899
614	975
615	487
615	788
615	803
615	890
615	986
615	988
615	991
615	993
616	313
616	632
616	712
616	766
616	847
616	943
616	966
616	990
617	815
617	887
617	900
617	909
617	958
617	978
617	979
617	981
618	27
618	113
618	207
618	284
618	606
618	874
618	983
618	992
619	428
619	565
619	607
619	625
619	650
619	794
619	972
619	990
620	280
620	304
620	692
620	762
620	926
620	957
620	970
620	990
621	548
621	651
621	917
621	932
621	942
621	968
621	994
621	998
622	100
622	406
622	483
622	849
622	858
622	918
622	929
622	950
623	250
623	418
623	694
623	886
623	940
623	941
623	985
623	987
624	16
624	633
624	727
624	740
624	763
624	894
624	907
624	913
624	923
625	94
625	254
625	271
625	417
625	423
625	619
625	971
625	972
625	983
626	121
626	134
626	248
626	426
626	433
626	637
626	770
626	776
626	808
627	836
627	875
627	890
627	906
627	946
627	986
627	988
627	991
627	993
628	676
628	779
628	803
628	817
628	946
628	986
628	988
628	991
628	993
629	297
629	777
629	794
629	804
629	833
629	874
629	971
629	972
629	992
630	169
630	183
630	585
630	707
630	945
630	959
630	960
630	963
630	973
631	267
631	322
631	828
631	835
631	893
631	959
631	963
631	973
631	999
632	32
632	292
632	616
632	638
632	778
632	842
632	926
632	966
632	990
633	137
633	542
633	624
633	663
633	763
633	894
633	907
633	913
633	923
634	818
634	858
634	875
634	906
634	946
634	986
634	988
634	991
634	993
635	743
635	780
635	785
635	792
635	887
635	958
635	978
635	979
635	981
636	57
636	151
636	523
636	642
636	821
636	870
636	896
636	930
636	967
637	33
637	210
637	327
637	538
637	626
637	658
637	738
637	808
637	813
638	632
638	757
638	762
638	813
638	926
638	944
638	957
638	966
638	970
639	244
639	302
639	376
639	412
639	539
639	687
639	784
639	889
639	911
640	158
640	212
640	799
640	800
640	898
640	901
640	936
640	956
640	1000
641	339
641	571
641	642
641	767
641	797
641	821
641	840
641	930
641	967
642	492
642	566
642	636
642	641
642	840
642	870
642	896
642	930
642	967
643	511
643	733
643	765
643	908
643	910
643	915
643	949
643	961
643	976
644	247
644	508
644	556
644	843
644	916
644	931
644	941
644	985
644	987
645	132
645	548
645	563
645	694
645	843
645	879
645	940
645	985
645	987
646	532
646	607
646	678
646	679
646	708
646	971
646	972
646	983
646	992
647	531
647	654
647	676
647	883
647	906
647	946
647	986
647	988
647	991
648	391
648	474
648	535
648	832
648	835
648	927
648	959
648	973
648	999
649	94
649	246
649	316
649	462
649	603
649	606
649	877
649	971
649	992
650	394
650	489
650	619
650	772
650	797
650	830
650	853
650	874
650	992
651	569
651	588
651	621
651	806
651	845
651	921
651	942
651	974
651	997
652	685
652	703
652	778
652	817
652	823
652	986
652	988
652	991
652	993
653	398
653	726
653	880
653	902
653	945
653	948
653	959
653	960
653	999
654	277
654	647
654	816
654	860
654	895
654	933
654	935
654	951
654	995
655	175
655	528
655	577
655	614
655	677
655	717
655	725
655	831
655	975
656	405
656	429
656	461
656	537
656	657
656	736
656	826
656	857
656	878
657	114
657	311
657	401
657	537
657	656
657	698
657	736
657	837
657	878
658	170
658	210
658	446
658	500
658	538
658	637
658	770
658	776
658	808
659	455
659	704
659	801
659	824
659	835
659	851
659	948
659	953
659	959
660	388
660	605
660	752
660	882
660	905
660	928
660	951
660	955
660	980
661	457
661	773
661	789
661	815
661	909
661	958
661	978
661	979
661	981
662	681
662	737
662	757
662	928
662	933
662	951
662	955
662	980
662	995
663	285
663	408
663	612
663	633
663	763
663	894
663	907
663	913
663	923
664	579
664	668
664	768
664	786
664	849
664	852
664	858
664	929
664	950
665	520
665	680
665	860
665	882
665	890
665	895
665	951
665	989
665	995
666	667
666	811
666	850
666	912
666	924
666	962
666	965
666	977
666	996
667	351
667	666
667	924
667	934
667	962
667	965
667	977
667	984
667	996
668	103
668	576
668	664
668	688
668	695
668	812
668	929
668	937
668	950
669	298
669	495
669	608
669	760
669	814
669	856
669	866
669	880
669	919
670	139
670	304
670	731
670	735
670	760
670	814
670	856
670	866
670	880
670	919
671	227
671	509
671	528
671	584
671	742
671	744
671	761
671	831
671	899
671	975
672	451
672	562
672	773
672	789
672	887
672	900
672	958
672	978
672	979
672	981
673	504
673	806
673	846
673	869
673	914
673	921
673	968
673	994
673	997
673	998
674	274
674	568
674	695
674	786
674	849
674	852
674	918
674	929
674	937
674	950
675	737
675	759
675	859
675	881
675	928
675	933
675	935
675	980
675	989
675	995
676	628
676	647
676	823
676	836
676	875
676	890
676	946
676	986
676	988
676	993
677	227
677	436
677	497
677	584
677	597
677	655
677	744
677	761
677	769
677	807
678	545
678	646
678	679
678	748
678	777
678	830
678	853
678	971
678	972
678	992
679	545
679	565
679	646
679	678
679	741
679	804
679	833
679	971
679	983
679	992
680	665
680	690
680	844
680	865
680	928
680	935
680	951
680	955
680	989
680	995
681	352
681	533
681	536
681	662
681	864
681	951
681	955
681	980
681	989
681	995
682	220
682	411
682	537
682	547
682	736
682	826
682	837
682	857
682	876
682	878
683	11
683	483
683	576
683	589
683	688
683	849
683	858
683	918
683	937
683	950
684	321
684	379
684	841
684	867
684	912
684	934
684	962
684	969
684	977
684	984
685	255
685	652
685	712
685	819
685	891
685	939
685	943
685	957
685	966
685	970
686	237
686	248
686	363
686	468
686	508
686	886
686	931
686	941
686	985
686	987
687	347
687	367
687	441
687	588
687	639
687	753
687	780
687	784
687	889
687	911
688	406
688	599
688	613
688	668
688	683
688	786
688	812
688	918
688	929
688	937
689	109
689	373
689	545
689	551
689	772
689	804
689	853
689	877
689	972
689	992
690	53
690	265
690	352
690	533
690	680
690	865
690	881
690	933
690	989
690	995
691	480
691	517
691	546
691	572
691	844
691	921
691	942
691	968
691	974
691	997
692	290
692	313
692	598
692	620
692	813
692	891
692	939
692	943
692	970
692	990
693	493
693	696
693	726
693	829
693	948
693	953
693	959
693	963
693	973
693	999
694	55
694	248
694	548
694	623
694	645
694	886
694	940
694	941
694	985
694	987
695	613
695	668
695	674
695	849
695	852
695	858
695	918
695	929
695	941
695	950
696	455
696	693
696	791
696	792
696	902
696	925
696	959
696	960
696	973
696	999
697	54
697	263
697	395
697	441
697	443
697	588
697	699
697	827
697	889
697	911
698	159
698	366
698	439
698	461
698	555
698	657
698	826
698	837
698	876
698	878
699	54
699	244
699	263
699	347
699	367
699	412
699	544
699	697
699	889
699	911
700	516
700	548
700	843
700	879
700	886
700	916
700	940
700	941
700	985
700	987
701	31
701	308
701	472
701	543
701	820
701	821
701	840
701	896
701	920
701	967
702	209
702	413
702	805
702	845
702	891
702	914
702	932
702	968
702	974
702	994
702	998
703	573
703	652
703	817
703	818
703	875
703	883
703	946
703	986
703	988
703	991
703	993
704	425
704	659
704	851
704	863
704	902
704	925
704	948
704	959
704	963
704	973
704	1000
705	373
705	385
705	580
705	583
705	606
705	747
705	798
705	878
705	971
705	972
705	992
706	323
706	383
706	828
706	835
706	925
706	945
706	948
706	953
706	959
706	973
706	999
707	630
707	720
707	869
707	893
707	927
707	945
707	953
707	959
707	960
707	973
707	999
708	382
708	646
708	885
708	914
708	917
708	921
708	942
708	974
708	994
708	997
708	998
709	218
709	523
709	530
709	566
709	600
709	783
709	797
709	821
709	896
709	920
709	967
710	230
710	238
710	758
710	765
710	810
710	903
710	915
710	938
710	949
710	961
710	976
711	149
711	402
711	846
711	869
711	885
711	942
711	968
711	974
711	994
711	997
711	998
712	304
712	597
712	616
712	685
712	783
712	842
712	926
712	943
712	944
712	954
712	990
713	153
713	278
713	752
713	754
713	795
713	848
713	873
713	884
713	888
713	904
713	952
714	396
714	752
714	754
714	795
714	848
714	861
714	873
714	884
714	888
714	904
714	952
715	10
715	610
715	752
715	795
715	848
715	855
715	873
715	884
715	888
715	904
715	952
716	16
716	270
716	513
716	554
716	740
716	763
716	894
716	907
716	913
716	923
716	934
717	108
717	410
717	577
717	614
717	655
717	742
717	744
717	745
717	796
717	807
717	975
718	233
718	435
718	802
718	811
718	850
718	912
718	934
718	964
718	965
718	969
718	984
719	60
719	154
719	192
719	465
719	733
719	775
719	819
719	847
719	926
719	944
719	966
720	63
720	107
720	322
720	346
720	442
720	707
720	893
720	925
720	948
720	966
720	999
721	159
721	278
721	366
721	370
721	411
721	439
721	547
721	736
721	826
721	857
721	876
722	14
722	37
722	239
722	610
722	729
722	795
722	848
722	861
722	888
722	904
722	952
723	134
723	146
723	170
723	433
723	446
723	500
723	538
723	607
723	738
723	770
723	808
724	24
724	459
724	805
724	844
724	869
724	885
724	921
724	968
724	994
724	997
724	998
725	337
725	362
725	497
725	574
725	577
725	584
725	655
725	744
725	751
725	796
725	975
726	653
726	693
726	829
726	902
726	925
726	945
726	948
726	959
726	963
726	973
726	999
727	16
727	257
727	344
727	415
727	484
727	624
727	740
727	763
727	894
727	907
727	923
728	297
728	423
728	607
728	772
728	777
728	794
728	798
728	907
728	971
728	972
728	983
729	329
729	331
729	722
729	787
729	800
729	854
729	898
729	901
729	936
729	982
729	1000
730	75
730	175
730	275
730	321
730	348
730	492
730	751
730	761
730	796
730	831
730	975
731	407
731	499
731	594
731	608
731	670
731	760
731	814
731	856
731	866
731	880
731	919
732	265
732	276
732	456
732	485
732	859
732	864
732	881
732	951
732	955
732	980
732	989
733	643
733	719
733	762
733	842
733	872
733	891
733	944
733	954
733	957
733	970
733	990
734	106
734	240
734	271
734	300
734	489
734	558
734	606
734	777
734	804
734	833
734	874
735	139
735	400
735	407
735	499
735	594
735	608
735	670
735	793
735	814
735	866
735	880
735	919
736	370
736	439
736	461
736	656
736	657
736	682
736	721
736	826
736	857
736	876
736	878
736	974
737	65
737	662
737	675
737	802
737	860
737	882
737	928
737	933
737	935
737	951
737	955
737	989
738	39
738	167
738	214
738	426
738	433
738	446
738	500
738	637
738	723
738	770
738	776
738	808
739	236
739	329
739	586
739	749
739	787
739	825
739	854
739	901
739	904
739	956
739	982
739	1000
740	36
740	61
740	344
740	484
740	542
740	624
740	716
740	727
740	860
740	907
740	913
740	923
741	86
741	161
741	279
741	424
741	518
741	580
741	603
741	679
741	804
741	971
741	983
741	992
742	182
742	492
742	509
742	524
742	574
742	577
742	671
742	717
742	744
742	796
742	831
742	975
743	451
743	572
743	635
743	780
743	792
743	815
743	887
743	909
743	958
743	978
743	979
743	981
744	249
744	266
744	497
744	574
744	671
744	677
744	717
744	725
744	742
744	751
744	899
744	975
745	227
745	266
745	321
745	337
745	404
745	717
745	761
745	796
745	807
745	831
745	899
745	975
746	24
746	375
746	593
746	834
746	845
746	869
746	885
746	932
746	974
746	994
746	997
746	998
747	6
747	297
747	300
747	364
747	423
747	705
747	833
747	877
747	879
747	971
747	972
747	983
748	52
748	417
748	518
748	551
748	678
748	772
748	794
748	853
748	877
748	971
748	983
748	992
749	197
749	502
749	739
749	787
749	799
749	800
749	854
749	868
749	901
749	947
749	982
749	1000
750	31
750	419
750	490
750	510
750	543
750	600
750	767
750	797
750	820
750	896
750	920
750	967
751	92
751	164
751	362
751	436
751	497
751	725
751	730
751	744
751	769
751	796
751	807
751	899
752	99
752	660
752	713
752	714
752	715
752	795
752	848
752	861
752	873
752	884
752	904
752	952
753	76
753	281
753	328
753	347
753	376
753	395
753	544
753	687
753	784
753	827
753	889
753	911
754	110
754	200
754	396
754	713
754	714
754	795
754	848
754	873
754	884
754	888
754	903
754	952
755	17
755	391
755	442
755	455
755	493
755	519
755	591
755	835
755	902
755	945
755	953
755	963
756	47
756	91
756	799
756	822
756	825
756	839
756	898
756	901
756	906
756	947
756	956
756	1000
757	638
757	662
757	775
757	842
757	847
757	891
757	943
757	954
757	957
757	966
757	970
757	990
758	238
758	432
758	710
758	810
758	824
758	855
758	892
758	903
758	908
758	938
758	949
758	976
759	265
759	675
759	774
759	816
759	838
759	881
759	901
759	933
759	951
759	980
759	989
759	995
760	295
760	298
760	307
760	669
760	670
760	731
760	793
760	814
760	856
760	866
760	880
760	919
761	40
761	410
761	492
761	584
761	614
761	671
761	677
761	730
761	745
761	807
761	897
761	975
762	119
762	192
762	304
762	620
762	638
762	733
762	813
762	819
762	842
762	939
762	954
762	966
762	970
763	193
763	415
763	612
763	624
763	633
763	663
763	716
763	727
763	894
763	907
763	913
763	923
763	961
764	74
764	143
764	185
764	526
764	787
764	839
764	898
764	901
764	936
764	947
764	956
764	982
764	1000
765	319
765	432
765	479
765	643
765	710
765	810
765	871
765	910
765	922
765	938
765	949
765	961
765	976
766	69
766	465
766	616
766	809
766	842
766	926
766	943
766	944
766	954
766	957
766	966
766	970
766	990
767	339
767	544
767	571
767	611
767	641
767	750
767	797
767	820
767	821
767	840
767	920
767	930
767	967
768	268
768	406
768	430
768	475
768	483
768	589
768	664
768	786
768	812
768	852
768	918
768	929
768	950
769	182
769	249
769	410
769	577
769	584
769	614
769	677
769	751
769	796
769	807
769	831
769	899
769	975
770	121
770	146
770	167
770	426
770	473
770	500
770	538
770	626
770	658
770	723
770	738
770	793
770	808
771	377
771	420
771	548
771	604
771	609
771	879
771	886
771	916
771	931
771	940
771	941
771	985
771	987
772	27
772	578
772	580
772	650
772	689
772	728
772	748
772	798
772	830
772	833
772	971
772	983
772	992
773	272
773	386
773	661
773	672
773	785
773	789
773	887
773	900
773	909
773	958
773	978
773	979
773	981
774	202
774	601
774	759
774	816
774	860
774	905
774	928
774	933
774	935
774	951
774	955
774	980
774	989
775	471
775	719
775	757
775	782
775	783
775	872
775	939
775	944
775	954
775	957
775	966
775	970
775	990
776	39
776	121
776	136
776	170
776	210
776	214
776	426
776	473
776	538
776	626
776	658
776	738
776	808
777	94
777	168
777	364
777	428
777	629
777	678
777	728
777	734
777	830
777	833
777	971
777	983
777	992
778	512
778	632
778	652
778	823
778	836
778	883
778	890
778	906
778	946
778	986
778	988
778	991
778	993
779	573
779	628
779	818
779	823
779	836
779	871
779	875
779	890
779	946
779	986
779	988
779	991
779	993
780	194
780	469
780	635
780	687
780	743
780	785
780	789
780	887
780	909
780	958
780	978
780	979
780	981
781	77
781	245
781	377
781	503
781	560
781	609
781	843
781	879
781	886
781	940
781	941
781	985
781	987
782	268
782	438
782	775
782	783
782	809
782	819
782	891
782	926
782	939
782	944
782	954
782	957
782	970
782	990
783	60
783	463
783	709
783	712
783	775
783	782
783	809
783	891
783	926
783	944
783	954
783	957
783	966
783	970
784	54
784	302
784	357
784	367
784	376
784	443
784	532
784	588
784	639
784	687
784	753
784	827
784	889
784	911
785	234
785	635
785	773
785	780
785	789
785	792
785	815
785	887
785	900
785	909
785	958
785	978
785	979
785	981
786	155
786	189
786	449
786	557
786	613
786	664
786	674
786	688
786	768
786	852
786	858
786	929
786	937
786	950
787	460
787	526
787	729
787	739
787	749
787	764
787	800
787	892
787	898
787	936
787	947
787	956
787	982
787	1000
788	145
788	303
788	342
788	564
788	615
788	836
788	883
788	890
788	906
788	946
788	986
788	988
788	991
788	993
789	451
789	661
789	672
789	773
789	780
789	785
789	792
789	887
789	900
789	909
789	958
789	978
789	979
789	981
790	225
790	391
790	452
790	585
790	791
790	828
790	835
790	851
790	893
790	927
790	945
790	948
790	963
790	999
791	303
791	696
791	790
791	801
791	829
791	832
791	851
791	927
791	945
791	948
791	953
791	960
791	973
791	999
792	353
792	453
792	572
792	635
792	696
792	743
792	785
792	789
792	815
792	909
792	958
792	978
792	979
792	981
793	295
793	400
793	407
793	501
793	594
793	608
793	735
793	760
793	770
793	814
793	856
793	866
793	880
793	919
794	58
794	297
794	424
794	580
794	619
794	629
794	728
794	748
794	830
794	833
794	971
794	972
794	983
794	992
795	173
795	338
795	713
795	714
795	715
795	722
795	752
795	754
795	848
795	861
795	884
795	888
795	904
795	952
796	275
796	492
796	528
796	614
796	717
796	725
796	730
796	742
796	745
796	751
796	769
796	807
796	899
796	975
797	490
797	510
797	566
797	571
797	600
797	641
797	650
797	709
797	750
797	767
797	840
797	870
797	896
797	920
798	27
798	62
798	129
798	207
798	279
798	565
798	705
798	728
798	772
798	804
798	830
798	877
798	983
798	992
799	105
799	154
799	329
799	460
799	640
799	749
799	756
799	822
799	839
799	854
799	936
799	956
799	982
799	1000
800	181
800	195
800	502
800	526
800	640
800	729
800	749
800	787
800	854
800	874
800	936
800	947
800	982
800	1000
801	17
801	141
801	398
801	455
801	659
801	791
801	865
801	902
801	925
801	945
801	953
801	959
801	960
801	973
802	171
802	422
802	595
802	602
802	718
802	737
802	850
802	897
802	924
802	962
802	969
802	977
802	984
802	996
803	615
803	628
803	817
803	823
803	875
803	883
803	890
803	906
803	946
803	976
803	986
803	988
803	991
803	993
804	35
804	168
804	246
804	271
804	629
804	679
804	689
804	734
804	741
804	798
804	853
804	877
804	971
804	983
804	992
805	264
805	415
805	702
805	724
805	806
805	844
805	869
805	914
805	917
805	921
805	942
805	974
805	994
805	997
805	998
806	517
806	569
806	651
806	673
806	805
806	844
806	869
806	917
806	921
806	932
806	942
806	968
806	994
806	997
806	998
807	92
807	249
807	497
807	524
807	549
807	677
807	717
807	745
807	751
807	761
807	769
807	796
807	809
807	899
807	975
808	33
808	121
808	136
808	214
808	433
808	446
808	500
808	626
808	637
808	658
808	723
808	738
808	770
808	776
808	998
809	192
809	268
809	387
809	597
809	766
809	782
809	783
809	807
809	939
809	943
809	954
809	957
809	966
809	970
809	990
810	287
810	372
810	434
810	522
810	710
810	758
810	765
810	855
810	908
810	910
810	915
810	922
810	949
810	961
810	976
811	180
811	196
811	351
811	521
811	666
811	718
811	850
811	924
811	934
811	962
811	964
811	965
811	969
811	984
811	996
812	274
812	312
812	561
812	576
812	579
812	589
812	668
812	688
812	768
812	849
812	852
812	918
812	933
812	937
812	950
813	192
813	313
813	597
813	637
813	638
813	692
813	762
813	842
813	872
813	939
813	943
813	954
813	966
813	970
813	990
814	400
814	407
814	470
814	499
814	501
814	669
814	670
814	731
814	735
814	760
814	793
814	856
814	866
814	880
814	919
815	78
815	453
815	505
815	507
815	617
815	661
815	743
815	785
815	792
815	900
815	909
815	958
815	978
815	979
815	981
816	478
816	527
816	601
816	654
816	759
816	774
816	832
816	860
816	865
816	882
816	933
816	951
816	955
816	980
816	989
817	628
817	652
817	703
817	803
817	818
817	823
817	836
817	875
817	883
817	890
817	906
817	986
817	988
817	991
817	993
818	592
818	634
818	703
818	779
818	817
818	823
818	875
818	883
818	890
818	906
818	946
818	986
818	988
818	991
818	993
819	290
819	598
819	685
819	719
819	762
819	782
819	827
819	847
819	891
819	939
819	943
819	944
819	954
819	957
819	966
819	990
820	305
820	326
820	472
820	567
820	571
820	589
820	600
820	701
820	750
820	767
820	840
820	870
820	896
820	920
820	930
820	967
821	218
821	287
821	472
821	490
821	530
821	543
821	611
821	636
821	641
821	701
821	709
821	767
821	840
821	870
821	930
821	967
822	51
822	72
822	91
822	158
822	181
822	217
822	756
822	799
822	868
822	898
822	901
822	928
822	936
822	947
822	982
822	1000
823	68
823	90
823	652
823	676
823	778
823	779
823	803
823	817
823	818
823	875
823	890
823	906
823	986
823	988
823	991
823	993
824	319
824	359
824	552
824	659
824	758
824	862
824	871
824	892
824	903
824	908
824	910
824	922
824	938
824	949
824	961
824	976
825	74
825	122
825	445
825	477
825	587
825	592
825	739
825	756
825	839
825	854
825	898
825	901
825	947
825	956
825	982
825	1000
826	2
826	137
826	220
826	369
826	370
826	403
826	439
826	555
826	656
826	682
826	698
826	721
826	736
826	837
826	876
826	878
827	281
827	328
827	347
827	367
827	376
827	412
827	443
827	544
827	575
827	588
827	697
827	753
827	784
827	819
827	889
827	911
828	29
828	41
828	85
828	241
828	631
828	706
828	790
828	893
828	902
828	925
828	927
828	953
828	959
828	960
828	963
828	999
829	135
829	141
829	591
829	693
829	726
829	791
829	851
829	863
829	902
829	931
829	948
829	953
829	960
829	963
829	973
829	999
830	62
830	142
830	240
830	496
830	532
830	606
830	650
830	678
830	772
830	777
830	794
830	798
830	874
830	972
830	983
830	992
831	75
831	227
831	249
831	404
831	509
831	524
831	528
831	549
831	655
831	671
831	730
831	742
831	745
831	769
831	899
831	975
832	107
832	371
832	452
832	582
832	648
832	791
832	816
832	925
832	927
832	948
832	953
832	959
832	960
832	963
832	973
832	999
833	35
833	184
833	284
833	316
833	518
833	580
833	629
833	679
833	734
833	747
833	772
833	777
833	794
833	853
833	874
833	877
834	264
834	375
834	402
834	746
834	844
834	845
834	846
834	869
834	885
834	914
834	917
834	932
834	945
834	968
834	997
834	998
835	82
835	293
835	442
835	488
835	631
835	648
835	659
835	706
835	755
835	790
835	863
835	927
835	945
835	953
835	959
835	963
836	146
836	464
836	564
836	627
836	676
836	778
836	779
836	788
836	817
836	883
836	890
836	906
836	946
836	986
836	991
836	993
837	2
837	114
837	220
837	256
837	278
837	354
837	405
837	547
837	555
837	657
837	682
837	698
837	826
837	857
837	876
837	878
838	18
838	25
838	252
838	352
838	368
838	558
838	759
838	859
838	881
838	895
838	905
838	928
838	933
838	935
838	989
838	995
839	74
839	91
839	236
839	282
839	477
839	592
839	756
839	764
839	799
839	825
839	854
839	898
839	936
839	956
839	982
839	1000
840	151
840	287
840	326
840	566
840	567
840	611
840	641
840	642
840	701
840	767
840	797
840	820
840	821
840	896
840	920
840	930
840	967
841	84
841	131
841	323
841	684
841	850
841	867
841	885
841	897
841	912
841	924
841	934
841	962
841	964
841	965
841	977
841	984
841	996
842	186
842	255
842	280
842	290
842	632
842	712
842	733
842	757
842	762
842	766
842	813
842	926
842	939
842	954
842	957
842	966
842	990
843	185
843	247
843	516
843	529
843	609
843	644
843	645
843	700
843	781
843	879
843	882
843	886
843	916
843	931
843	940
843	941
843	985
844	515
844	593
844	680
844	691
844	724
844	805
844	806
844	834
844	869
844	914
844	921
844	932
844	942
844	968
844	974
844	994
844	997
845	152
845	334
845	381
845	569
845	651
845	702
845	746
845	834
845	869
845	885
845	914
845	942
845	968
845	991
845	994
845	997
845	998
846	209
846	381
846	504
846	507
846	517
846	593
846	673
846	711
846	834
846	885
846	914
846	917
846	921
846	968
846	974
846	994
846	998
847	291
847	343
847	389
847	392
847	471
847	598
847	616
847	719
847	757
847	819
847	891
847	926
847	939
847	943
847	957
847	966
847	990
848	22
848	56
848	99
848	153
848	713
848	714
848	715
848	722
848	752
848	754
848	795
848	861
848	873
848	884
848	888
848	904
848	952
849	233
849	274
849	406
849	430
849	561
849	568
849	579
849	622
849	664
849	674
849	683
849	695
849	812
849	852
849	858
849	918
849	937
849	1000
850	112
850	229
850	301
850	403
850	422
850	666
850	718
850	802
850	811
850	841
850	916
850	924
850	934
850	964
850	965
850	969
850	977
850	996
851	17
851	102
851	474
851	582
851	659
851	704
851	790
851	791
851	829
851	863
851	905
851	925
851	927
851	953
851	959
851	960
851	963
851	973
852	11
852	454
852	483
852	576
852	589
852	599
852	664
852	674
852	695
852	768
852	786
852	812
852	849
852	858
852	918
852	929
852	937
852	950
853	86
853	113
853	147
853	207
853	330
853	373
853	428
853	575
853	583
853	650
853	678
853	689
853	748
853	804
853	833
853	971
853	983
853	992
854	105
854	217
854	331
854	494
854	553
854	586
854	729
854	739
854	749
854	799
854	800
854	825
854	839
854	898
854	901
854	947
854	982
854	1000
855	15
855	204
855	235
855	238
855	581
855	715
855	758
855	810
855	862
855	871
855	903
855	908
855	910
855	915
855	922
855	938
855	961
855	976
856	111
856	117
856	139
856	307
856	380
856	470
856	499
856	501
856	608
856	669
856	670
856	731
856	760
856	793
856	814
856	866
856	880
856	919
857	59
857	159
857	256
857	269
857	311
857	354
857	366
857	411
857	429
857	537
857	547
857	656
857	682
857	721
857	736
857	837
857	876
857	878
858	155
858	189
858	231
858	406
858	576
858	589
858	613
858	622
858	634
858	664
858	683
858	695
858	786
858	849
858	852
858	929
858	937
858	950
859	163
859	361
859	427
859	485
859	520
859	527
859	675
859	732
859	838
859	860
859	895
859	905
859	935
859	951
859	955
859	965
859	989
859	995
860	65
860	163
860	286
860	361
860	427
860	533
860	536
860	558
860	605
860	654
860	665
860	737
860	740
860	774
860	816
860	859
860	895
860	955
861	10
861	37
861	110
861	173
861	239
861	495
861	610
861	714
861	722
861	752
861	795
861	848
861	873
861	884
861	888
861	904
861	937
861	952
862	235
862	238
862	432
862	454
862	506
862	552
862	570
862	581
862	824
862	855
862	871
862	892
862	903
862	915
862	922
862	938
862	949
862	961
862	976
863	141
863	169
863	213
863	225
863	241
863	452
863	590
863	704
863	829
863	835
863	851
863	925
863	945
863	953
863	959
863	960
863	963
863	974
863	999
864	1
864	183
864	368
864	440
864	520
864	533
864	550
864	681
864	732
864	865
864	881
864	882
864	895
864	905
864	928
864	933
864	980
864	989
864	995
865	25
865	80
865	96
865	252
865	533
865	536
865	550
865	680
865	690
865	801
865	816
865	864
865	895
865	935
865	951
865	955
865	980
865	989
865	995
866	3
866	111
866	295
866	298
866	400
866	470
866	499
866	501
866	594
866	669
866	670
866	731
866	735
866	760
866	793
866	814
866	856
866	880
866	919
867	38
867	196
867	282
867	379
867	450
867	518
867	534
867	596
867	684
867	841
867	897
867	912
867	962
867	964
867	965
867	969
867	977
867	984
867	996
868	97
868	253
868	283
868	329
868	445
868	498
868	526
868	553
868	586
868	592
868	749
868	822
868	898
868	936
868	947
868	956
868	960
868	982
868	1000
869	95
869	205
869	673
869	707
869	711
869	724
869	746
869	805
869	806
869	834
869	844
869	845
869	917
869	921
869	942
869	968
869	974
869	994
869	997
870	5
870	31
870	151
870	287
870	305
870	332
870	333
870	566
870	567
870	611
870	636
870	642
870	797
870	820
870	821
870	896
870	920
870	930
870	967
871	98
871	230
871	359
871	511
871	765
871	779
871	824
871	855
871	862
871	892
871	903
871	908
871	910
871	915
871	922
871	938
871	949
871	961
871	976
872	157
872	219
872	291
872	292
872	387
872	463
872	597
872	598
872	733
872	775
872	813
872	881
872	891
872	926
872	944
872	954
872	957
872	970
872	990
873	56
873	93
873	110
873	232
873	239
873	385
873	495
873	610
873	713
873	714
873	715
873	752
873	754
873	848
873	861
873	884
873	888
873	904
873	952
874	6
874	27
874	184
874	199
874	428
874	462
874	489
874	532
874	580
874	618
874	629
874	650
874	734
874	800
874	830
874	833
874	877
874	971
874	972
875	20
875	355
875	531
875	627
875	634
875	676
875	703
875	779
875	803
875	817
875	818
875	823
875	890
875	906
875	946
875	986
875	988
875	991
875	993
876	48
876	179
876	256
876	269
876	311
876	354
876	366
876	369
876	370
876	401
876	405
876	682
876	698
876	721
876	736
876	826
876	837
876	857
876	878
877	62
877	107
877	240
877	300
877	330
877	518
877	545
877	551
877	583
877	649
877	689
877	747
877	748
877	798
877	804
877	833
877	874
877	972
877	983
877	992
878	2
878	48
878	87
878	114
878	137
878	179
878	269
878	369
878	429
878	547
878	656
878	657
878	682
878	698
878	705
878	736
878	826
878	837
878	857
878	876
879	237
879	250
879	374
879	508
879	529
879	559
879	560
879	563
879	645
879	700
879	747
879	771
879	781
879	843
879	886
879	916
879	940
879	941
879	985
879	987
880	111
880	117
880	295
880	298
880	307
880	400
880	499
880	594
880	608
880	653
880	669
880	670
880	731
880	735
880	760
880	793
880	814
880	856
880	866
880	919
881	65
881	163
881	368
881	427
881	520
881	527
881	675
881	690
881	732
881	759
881	838
881	864
881	872
881	895
881	928
881	933
881	951
881	955
881	980
881	995
882	202
882	355
882	388
882	533
882	536
882	550
882	605
882	660
882	665
882	737
882	816
882	843
882	864
882	895
882	933
882	935
882	951
882	955
882	980
882	989
883	19
883	482
883	487
883	570
883	573
883	647
883	703
883	778
883	788
883	803
883	817
883	818
883	836
883	890
883	906
883	946
883	986
883	988
883	991
883	993
884	22
884	93
884	99
884	173
884	200
884	396
884	495
884	713
884	714
884	715
884	752
884	754
884	795
884	848
884	861
884	873
884	888
884	904
884	952
884	995
885	164
885	431
885	507
885	708
885	711
885	724
885	746
885	834
885	841
885	845
885	846
885	914
885	917
885	921
885	932
885	942
885	968
885	994
885	997
885	998
886	259
886	420
886	423
886	468
886	476
886	503
886	540
886	623
886	686
886	694
886	700
886	771
886	781
886	843
886	879
886	916
886	931
886	941
886	985
886	987
887	208
887	272
887	324
887	386
887	421
887	505
887	617
887	635
887	672
887	743
887	773
887	780
887	785
887	789
887	900
887	909
887	958
887	978
887	979
887	981
888	10
888	14
888	153
888	188
888	338
888	495
888	599
888	610
888	713
888	714
888	715
888	722
888	754
888	795
888	848
888	861
888	873
888	884
888	904
888	952
889	76
889	244
889	263
889	281
889	328
889	357
889	395
889	412
889	441
889	443
889	539
889	575
889	639
889	687
889	697
889	699
889	753
889	784
889	827
889	911
890	570
890	615
890	627
890	665
890	676
890	778
890	779
890	788
890	803
890	817
890	818
890	823
890	836
890	875
890	883
890	906
890	946
890	986
890	988
890	991
890	993
891	150
891	597
891	598
891	685
891	692
891	702
891	733
891	757
891	782
891	783
891	819
891	847
891	872
891	926
891	939
891	943
891	944
891	954
891	957
891	966
891	990
892	127
892	310
892	341
892	409
892	444
892	525
892	581
892	758
892	787
892	824
892	862
892	871
892	903
892	908
892	910
892	915
892	922
892	938
892	949
892	961
892	976
893	144
893	241
893	316
893	346
893	519
893	585
893	591
893	631
893	707
893	720
893	790
893	828
893	902
893	925
893	927
893	948
893	953
893	960
893	963
893	973
893	999
894	36
894	133
894	203
894	206
894	344
894	408
894	415
894	484
894	513
894	542
894	612
894	624
894	633
894	663
894	716
894	727
894	763
894	907
894	913
894	923
894	992
895	44
895	397
895	414
895	478
895	558
895	654
895	665
895	838
895	859
895	860
895	864
895	865
895	881
895	882
895	905
895	928
895	951
895	980
895	987
895	989
895	995
896	8
896	332
896	333
896	365
896	419
896	543
896	566
896	567
896	611
896	636
896	642
896	701
896	709
896	750
896	797
896	820
896	840
896	870
896	920
896	930
896	967
897	12
897	180
897	258
897	273
897	282
897	349
897	356
897	422
897	486
897	496
897	596
897	761
897	802
897	841
897	867
897	924
897	934
897	962
897	977
897	984
897	996
898	155
898	195
898	314
898	331
898	437
898	467
898	477
898	640
898	729
898	756
898	764
898	787
898	822
898	825
898	839
898	854
898	868
898	901
898	947
898	956
898	982
898	1000
899	40
899	75
899	198
899	324
899	404
899	492
899	509
899	524
899	528
899	549
899	584
899	614
899	671
899	744
899	745
899	751
899	769
899	796
899	807
899	831
899	949
899	975
900	78
900	79
900	81
900	251
900	272
900	399
900	421
900	457
900	469
900	572
900	617
900	672
900	773
900	785
900	789
900	815
900	887
900	909
900	958
900	978
900	979
900	981
901	91
901	122
901	437
901	445
901	460
901	498
901	502
901	640
901	729
901	739
901	749
901	756
901	759
901	764
901	822
901	825
901	854
901	898
901	936
901	956
901	982
901	1000
902	174
902	177
902	320
902	322
902	391
902	474
902	493
902	585
902	653
902	696
902	704
902	726
902	755
902	801
902	828
902	829
902	893
902	945
902	948
902	959
902	963
902	973
903	85
903	341
903	359
903	432
903	444
903	522
903	710
903	754
903	758
903	824
903	855
903	862
903	871
903	892
903	908
903	910
903	915
903	922
903	938
903	949
903	961
903	976
904	14
904	22
904	56
904	93
904	188
904	200
904	239
904	338
904	495
904	610
904	713
904	714
904	715
904	722
904	739
904	752
904	795
904	848
904	861
904	873
904	884
904	888
904	952
905	44
905	183
905	277
905	309
905	390
905	427
905	541
905	558
905	605
905	660
905	774
905	838
905	851
905	859
905	864
905	895
905	928
905	935
905	951
905	955
905	980
905	989
905	995
906	20
906	71
906	464
906	487
906	627
906	634
906	647
906	756
906	778
906	788
906	803
906	817
906	818
906	823
906	836
906	875
906	883
906	890
906	946
906	986
906	988
906	991
906	993
907	36
907	61
907	133
907	193
907	270
907	285
907	344
907	408
907	484
907	513
907	542
907	554
907	624
907	633
907	663
907	716
907	727
907	728
907	740
907	763
907	894
907	913
907	923
908	262
908	393
908	409
908	432
908	454
908	479
908	506
908	511
908	525
908	643
908	758
908	810
908	824
908	855
908	871
908	892
908	903
908	910
908	922
908	938
908	949
908	961
908	976
909	4
909	378
909	386
909	399
909	421
909	505
909	528
909	562
909	617
909	661
909	743
909	773
909	780
909	785
909	789
909	792
909	815
909	887
909	900
909	958
909	978
909	979
909	981
910	15
910	23
910	98
910	434
910	454
910	506
910	522
910	552
910	643
910	765
910	810
910	824
910	855
910	871
910	892
910	903
910	908
910	915
910	922
910	938
910	949
910	961
910	976
911	244
911	263
911	281
911	302
911	328
911	347
911	357
911	376
911	395
911	412
911	441
911	443
911	539
911	544
911	578
911	588
911	639
911	687
911	697
911	699
911	753
911	784
911	827
911	889
912	12
912	46
912	49
912	84
912	289
912	422
912	447
912	514
912	523
912	596
912	666
912	684
912	718
912	841
912	867
912	924
912	934
912	962
912	964
912	965
912	969
912	977
912	984
912	996
913	61
913	66
913	133
913	193
913	203
913	206
913	270
913	285
913	344
913	408
913	415
913	484
913	513
913	554
913	612
913	624
913	633
913	663
913	716
913	740
913	763
913	894
913	907
913	981
914	34
914	73
914	413
914	431
914	517
914	569
914	673
914	702
914	708
914	805
914	834
914	844
914	845
914	846
914	885
914	921
914	932
914	942
914	964
914	968
914	974
914	994
914	997
914	998
915	28
915	98
915	310
915	341
915	409
915	444
915	454
915	511
915	522
915	581
915	643
915	710
915	810
915	855
915	862
915	871
915	892
915	903
915	910
915	922
915	938
915	949
915	961
915	976
916	125
916	247
916	259
916	374
916	418
916	468
916	503
916	540
916	548
916	556
916	559
916	560
916	563
916	604
916	644
916	700
916	771
916	843
916	850
916	879
916	886
916	931
916	941
916	987
917	209
917	221
917	315
917	325
917	459
917	504
917	507
917	515
917	621
917	708
917	805
917	806
917	834
917	846
917	869
917	885
917	921
917	932
917	942
917	968
917	973
917	974
917	994
917	997
918	53
918	103
918	172
918	312
918	430
918	475
918	557
918	561
918	568
918	579
918	589
918	599
918	622
918	674
918	683
918	688
918	695
918	768
918	812
918	849
918	852
918	929
918	937
918	950
919	3
919	111
919	117
919	139
919	295
919	298
919	307
919	398
919	400
919	407
919	470
919	499
919	501
919	594
919	608
919	669
919	670
919	731
919	735
919	760
919	793
919	814
919	856
919	866
919	880
920	5
920	7
920	57
920	150
920	308
920	326
920	332
920	419
920	472
920	523
920	543
920	567
920	571
920	600
920	701
920	709
920	750
920	767
920	797
920	820
920	840
920	870
920	896
920	930
920	967
921	138
921	156
921	334
921	431
921	480
921	651
921	673
921	691
921	708
921	724
921	805
921	806
921	844
921	846
921	869
921	885
921	914
921	917
921	932
921	942
921	968
921	974
921	986
921	994
921	998
922	23
922	393
922	434
922	506
922	511
922	522
922	525
922	552
922	553
922	581
922	765
922	810
922	824
922	855
922	862
922	871
922	892
922	903
922	908
922	910
922	915
922	938
922	949
922	961
922	976
923	16
923	36
923	61
923	66
923	133
923	193
923	203
923	206
923	270
923	285
923	408
923	484
923	513
923	542
923	612
923	624
923	633
923	663
923	716
923	727
923	740
923	763
923	894
923	907
923	957
924	70
924	145
924	345
924	350
924	435
924	450
924	514
924	534
924	602
924	666
924	667
924	802
924	811
924	841
924	850
924	897
924	912
924	934
924	961
924	962
924	965
924	969
924	977
924	984
924	996
925	29
925	102
925	177
925	322
925	425
925	503
925	519
925	696
925	704
925	706
925	720
925	726
925	801
925	828
925	832
925	851
925	863
925	893
925	927
925	945
925	948
925	953
925	959
925	973
925	999
926	87
926	108
926	190
926	336
926	343
926	463
926	465
926	471
926	620
926	632
926	638
926	712
926	719
926	766
926	782
926	783
926	842
926	847
926	872
926	891
926	943
926	944
926	954
926	957
926	966
926	970
927	29
927	41
927	63
927	102
927	383
927	442
927	488
927	490
927	493
927	535
927	582
927	648
927	707
927	790
927	791
927	828
927	832
927	835
927	851
927	893
927	925
927	948
927	959
927	960
927	963
927	973
928	53
928	65
928	128
928	309
928	397
928	414
928	527
928	660
928	662
928	675
928	680
928	737
928	774
928	822
928	838
928	864
928	881
928	895
928	905
928	933
928	935
928	951
928	955
928	980
928	989
928	995
929	104
929	172
929	306
929	312
929	406
929	430
929	475
929	557
929	561
929	568
929	576
929	599
929	613
929	622
929	664
929	668
929	674
929	688
929	695
929	768
929	786
929	852
929	858
929	918
929	937
929	950
929	995
930	7
930	8
930	57
930	218
930	305
930	308
930	365
930	419
930	472
930	530
930	543
930	567
930	571
930	600
930	611
930	636
930	641
930	642
930	767
930	820
930	821
930	840
930	870
930	896
930	920
930	954
930	967
931	55
931	77
931	125
931	162
931	201
931	363
931	377
931	418
931	468
931	503
931	508
931	516
931	529
931	556
931	560
931	563
931	604
931	644
931	686
931	771
931	829
931	843
931	886
931	916
931	940
931	985
931	987
932	149
932	205
932	264
932	358
932	375
932	382
932	449
932	459
932	480
932	546
932	547
932	593
932	621
932	702
932	746
932	806
932	834
932	844
932	885
932	914
932	917
932	921
932	942
932	968
932	974
932	994
932	997
932	998
933	25
933	26
933	80
933	96
933	222
933	286
933	318
933	466
933	533
933	601
933	654
933	662
933	675
933	690
933	737
933	759
933	774
933	812
933	816
933	838
933	864
933	881
933	882
933	928
933	951
933	955
933	980
933	995
934	38
934	69
934	83
934	196
934	243
934	260
934	335
934	435
934	486
934	491
934	521
934	667
934	684
934	716
934	718
934	811
934	841
934	850
934	897
934	912
934	924
934	962
934	963
934	964
934	965
934	969
934	977
934	996
935	42
935	96
935	130
935	148
935	276
935	286
935	318
935	368
935	466
935	536
935	541
935	605
935	654
935	675
935	680
935	737
935	774
935	838
935	859
935	865
935	882
935	905
935	928
935	942
935	951
935	955
935	980
935	989
935	995
936	47
936	51
936	122
936	166
936	184
936	197
936	236
936	253
936	283
936	437
936	445
936	494
936	502
936	526
936	587
936	640
936	729
936	764
936	787
936	799
936	800
936	822
936	839
936	868
936	901
936	947
936	956
936	982
936	1000
937	104
937	155
937	172
937	189
937	231
937	233
937	306
937	312
937	420
937	456
937	475
937	557
937	561
937	568
937	579
937	599
937	668
937	674
937	683
937	688
937	786
937	812
937	849
937	852
937	858
937	861
937	918
937	929
937	950
938	15
938	85
938	127
938	230
938	235
938	319
938	341
938	372
938	393
938	444
938	460
938	506
938	525
938	710
938	758
938	765
938	824
938	855
938	862
938	871
938	892
938	903
938	908
938	910
938	915
938	922
938	949
938	961
938	976
939	190
939	223
939	228
939	255
939	261
939	291
939	292
939	313
939	389
939	465
939	685
939	692
939	762
939	775
939	782
939	809
939	813
939	819
939	842
939	847
939	891
939	943
939	944
939	954
939	957
939	966
939	970
939	990
939	993
940	55
940	77
940	115
940	201
940	237
940	250
940	363
940	374
940	420
940	476
940	481
940	515
940	559
940	560
940	563
940	604
940	609
940	623
940	645
940	694
940	700
940	771
940	781
940	843
940	879
940	931
940	941
940	985
940	987
941	132
941	185
941	248
941	250
941	418
941	468
941	508
941	516
941	529
941	540
941	556
941	559
941	560
941	563
941	604
941	623
941	644
941	686
941	694
941	695
941	700
941	771
941	781
941	843
941	879
941	886
941	916
941	940
941	985
941	987
942	34
942	138
942	152
942	209
942	264
942	334
942	382
942	504
942	546
942	569
942	621
942	651
942	691
942	708
942	711
942	805
942	806
942	844
942	845
942	869
942	885
942	914
942	917
942	921
942	932
942	935
942	974
942	994
942	997
942	998
943	21
943	134
943	150
943	186
943	268
943	291
943	336
943	380
943	389
943	438
943	463
943	616
943	685
943	692
943	712
943	757
943	766
943	809
943	813
943	819
943	847
943	891
943	926
943	939
943	944
943	954
943	957
943	966
943	970
943	990
944	32
944	64
944	223
944	228
944	255
944	290
944	313
944	336
944	465
944	598
944	638
944	712
944	719
944	733
944	766
944	775
944	782
944	783
944	819
944	872
944	891
944	926
944	939
944	943
944	954
944	957
944	966
944	970
944	972
944	990
945	41
945	63
945	123
945	135
945	288
945	293
945	371
945	383
945	398
945	448
945	488
945	630
945	653
945	706
945	707
945	726
945	755
945	790
945	791
945	801
945	834
945	835
945	863
945	902
945	925
945	948
945	959
945	963
945	973
945	999
946	19
946	28
946	64
946	262
946	294
946	340
946	487
946	512
946	564
946	573
946	627
946	628
946	634
946	647
946	676
946	703
946	778
946	779
946	788
946	803
946	818
946	836
946	875
946	883
946	890
946	906
946	986
946	988
946	991
946	993
947	45
947	51
947	72
947	116
947	165
947	166
947	181
947	253
947	437
947	467
947	494
947	498
947	526
947	553
947	585
947	586
947	587
947	749
947	756
947	764
947	787
947	800
947	822
947	825
947	854
947	868
947	898
947	936
947	956
947	982
947	1000
948	123
948	135
948	288
948	346
948	425
948	448
948	488
948	519
948	582
948	653
948	659
948	693
948	704
948	706
948	720
948	726
948	790
948	791
948	829
948	832
948	893
948	902
948	925
948	927
948	945
948	951
948	953
948	960
948	963
948	973
948	999
949	23
949	127
949	188
949	310
949	319
949	372
949	393
949	409
949	434
949	522
949	525
949	552
949	581
949	643
949	710
949	758
949	765
949	810
949	824
949	862
949	871
949	892
949	899
949	903
949	908
949	910
949	915
949	922
949	938
949	961
949	976
950	3
950	11
950	100
950	103
950	104
950	231
950	306
950	430
950	475
950	483
950	557
950	561
950	568
950	576
950	589
950	599
950	613
950	622
950	664
950	668
950	674
950	683
950	695
950	768
950	786
950	812
950	852
950	858
950	918
950	929
950	937
951	128
951	130
951	296
951	361
951	390
951	527
951	601
951	654
951	660
951	662
951	665
951	680
951	681
951	732
951	737
951	759
951	774
951	816
951	859
951	865
951	881
951	882
951	895
951	905
951	928
951	933
951	935
951	948
951	955
951	989
951	995
952	10
952	22
952	37
952	56
952	93
952	99
952	110
952	153
952	173
952	188
952	200
952	232
952	239
952	338
952	396
952	495
952	556
952	610
952	713
952	714
952	715
952	722
952	752
952	754
952	795
952	848
952	861
952	873
952	884
952	888
952	904
953	169
953	213
953	241
953	416
953	425
953	448
953	452
953	455
953	519
953	535
953	591
953	612
953	659
953	693
953	706
953	707
953	755
953	791
953	801
953	828
953	829
953	832
953	835
953	851
953	863
953	893
953	925
953	948
953	960
953	963
953	973
953	999
954	21
954	119
954	255
954	261
954	336
954	380
954	389
954	392
954	598
954	712
954	733
954	757
954	762
954	766
954	775
954	782
954	783
954	809
954	813
954	819
954	842
954	872
954	891
954	926
954	930
954	939
954	943
954	944
954	957
954	966
954	970
954	990
955	1
955	130
955	355
955	361
955	390
955	397
955	414
955	427
955	536
955	558
955	601
955	660
955	662
955	680
955	681
955	732
955	737
955	774
955	816
955	859
955	860
955	865
955	881
955	882
955	905
955	928
955	933
955	935
955	951
955	980
955	983
955	995
956	97
956	154
956	158
956	165
956	212
956	236
956	253
956	283
956	314
956	331
956	460
956	467
956	498
956	553
956	586
956	592
956	640
956	739
956	756
956	764
956	787
956	799
956	825
956	839
956	868
956	898
956	901
956	936
956	947
956	978
956	982
956	1000
957	21
957	60
957	191
957	219
957	223
957	261
957	268
957	280
957	438
957	620
957	638
957	685
957	733
957	757
957	766
957	775
957	782
957	783
957	809
957	819
957	842
957	847
957	872
957	891
957	923
957	926
957	939
957	943
957	944
957	954
957	966
957	970
957	990
958	4
958	9
958	30
958	81
958	89
958	208
958	215
958	251
958	274
958	378
958	399
958	453
958	457
958	469
958	505
958	562
958	617
958	635
958	661
958	672
958	743
958	773
958	780
958	785
958	789
958	792
958	815
958	887
958	900
958	909
958	978
958	979
958	981
959	144
959	320
959	342
959	383
959	416
959	535
959	585
959	590
959	591
959	630
959	631
959	648
959	653
959	659
959	693
959	696
959	704
959	706
959	707
959	726
959	801
959	828
959	832
959	835
959	851
959	863
959	902
959	925
959	927
959	945
959	960
959	973
959	999
960	29
960	225
960	320
960	360
960	448
960	452
960	474
960	488
960	519
960	557
960	582
960	585
960	590
960	630
960	653
960	696
960	707
960	791
960	801
960	828
960	829
960	832
960	851
960	863
960	868
960	893
960	927
960	948
960	953
960	959
960	963
960	973
960	999
961	98
961	204
961	235
961	310
961	319
961	359
961	393
961	409
961	444
961	479
961	506
961	525
961	552
961	581
961	643
961	710
961	763
961	765
961	810
961	824
961	855
961	862
961	871
961	892
961	903
961	908
961	910
961	915
961	922
961	924
961	938
961	949
961	976
962	83
962	120
962	180
962	226
962	242
962	258
962	273
962	289
962	349
962	350
962	351
962	403
962	437
962	447
962	491
962	498
962	514
962	595
962	666
962	667
962	684
962	802
962	811
962	841
962	867
962	897
962	912
962	924
962	934
962	964
962	969
962	977
962	984
962	996
963	123
963	135
963	224
963	288
963	293
963	371
963	383
963	416
963	448
963	455
963	582
963	630
963	631
963	693
963	704
963	726
963	755
963	790
963	828
963	829
963	832
963	835
963	851
963	863
963	893
963	902
963	927
963	934
963	945
963	948
963	953
963	960
963	973
963	999
964	46
964	112
964	171
964	229
964	299
964	323
964	335
964	345
964	351
964	422
964	435
964	447
964	450
964	458
964	486
964	514
964	524
964	534
964	595
964	602
964	718
964	811
964	841
964	850
964	867
964	912
964	914
964	934
964	962
964	965
964	969
964	977
964	984
964	996
965	13
965	49
965	70
965	171
965	242
965	243
965	258
965	260
965	301
965	349
965	351
965	450
965	458
965	496
965	521
965	534
965	595
965	602
965	666
965	667
965	718
965	811
965	841
965	850
965	859
965	867
965	912
965	924
965	934
965	964
965	969
965	977
965	984
965	996
966	64
966	108
966	119
966	157
966	191
966	219
966	290
966	291
966	336
966	343
966	616
966	632
966	638
966	685
966	719
966	720
966	757
966	762
966	766
966	775
966	783
966	809
966	813
966	819
966	842
966	847
966	891
966	926
966	939
966	943
966	944
966	954
966	957
966	970
966	990
967	5
967	7
967	8
967	57
967	151
967	218
967	243
967	308
967	332
967	333
967	339
967	490
967	510
967	523
967	530
967	566
967	567
967	571
967	600
967	611
967	636
967	641
967	642
967	701
967	709
967	750
967	767
967	820
967	821
967	840
967	870
967	896
967	920
967	930
967	986
968	24
968	95
968	109
968	156
968	216
968	315
968	334
968	402
968	413
968	431
968	480
968	507
968	517
968	546
968	621
968	673
968	691
968	702
968	711
968	724
968	806
968	834
968	844
968	845
968	846
968	869
968	885
968	914
968	917
968	921
968	932
968	974
968	994
968	997
968	998
969	13
969	46
969	69
969	70
969	126
969	171
969	180
969	243
969	260
969	273
969	289
969	299
969	301
969	335
969	379
969	422
969	435
969	458
969	470
969	491
969	684
969	718
969	802
969	811
969	850
969	867
969	912
969	924
969	934
969	962
969	964
969	965
969	977
969	982
969	984
969	996
970	60
970	157
970	186
970	191
970	223
970	228
970	292
970	327
970	343
970	387
970	389
970	438
970	463
970	465
970	597
970	620
970	638
970	685
970	692
970	733
970	757
970	762
970	766
970	775
970	782
970	783
970	809
970	813
970	872
970	926
970	939
970	943
970	944
970	954
970	957
970	966
970	990
971	35
971	52
971	142
971	184
971	254
971	257
971	330
971	364
971	394
971	417
971	424
971	551
971	583
971	603
971	606
971	607
971	625
971	629
971	646
971	649
971	678
971	679
971	705
971	728
971	741
971	747
971	748
971	772
971	777
971	794
971	804
971	853
971	874
971	972
971	983
971	989
971	992
972	6
972	35
972	52
972	106
972	124
972	161
972	199
972	240
972	279
972	394
972	417
972	423
972	434
972	489
972	518
972	545
972	551
972	578
972	583
972	603
972	619
972	625
972	629
972	646
972	678
972	689
972	705
972	728
972	747
972	794
972	830
972	874
972	877
972	944
972	971
972	983
972	992
973	82
973	177
973	267
973	288
973	293
973	360
973	391
973	493
973	535
973	582
973	590
973	630
973	631
973	648
973	693
973	696
973	704
973	706
973	707
973	726
973	791
973	801
973	829
973	832
973	851
973	893
973	902
973	917
973	925
973	927
973	945
973	948
973	953
973	959
973	960
973	963
973	999
974	34
974	50
974	140
974	149
974	176
974	178
974	216
974	221
974	375
974	381
974	431
974	449
974	480
974	515
974	546
974	593
974	651
974	691
974	702
974	708
974	711
974	736
974	746
974	805
974	844
974	846
974	863
974	869
974	914
974	917
974	921
974	932
974	942
974	968
974	994
974	997
974	998
975	40
975	58
975	75
975	198
975	224
975	249
975	266
975	275
975	321
975	324
975	337
975	348
975	362
975	404
975	410
975	436
975	492
975	509
975	528
975	549
975	554
975	574
975	577
975	614
975	655
975	671
975	717
975	725
975	730
975	742
975	744
975	745
975	761
975	769
975	796
975	807
975	831
975	899
976	23
976	85
976	127
976	204
976	230
976	238
976	310
976	341
976	359
976	372
976	409
976	432
976	434
976	444
976	479
976	511
976	522
976	525
976	581
976	643
976	710
976	758
976	765
976	803
976	810
976	824
976	855
976	862
976	871
976	892
976	903
976	908
976	910
976	915
976	922
976	938
976	949
976	961
976	977
977	13
977	83
977	112
977	126
977	145
977	226
977	229
977	242
977	273
977	301
977	323
977	335
977	356
977	403
977	447
977	450
977	486
977	496
977	514
977	521
977	595
977	596
977	666
977	667
977	684
977	802
977	841
977	850
977	867
977	897
977	912
977	924
977	934
977	962
977	964
977	965
977	969
977	976
977	984
977	996
978	4
978	9
978	78
978	79
978	89
978	194
978	215
978	234
978	251
978	272
978	353
978	378
978	386
978	399
978	421
978	451
978	453
978	457
978	469
978	562
978	572
978	617
978	635
978	661
978	672
978	743
978	773
978	780
978	785
978	789
978	792
978	815
978	887
978	900
978	909
978	956
978	958
978	979
978	981
978	994
979	9
979	30
979	79
979	89
979	194
979	208
979	215
979	234
979	251
979	353
979	378
979	386
979	399
979	421
979	451
979	453
979	457
979	469
979	505
979	562
979	572
979	608
979	617
979	635
979	661
979	672
979	743
979	773
979	780
979	785
979	789
979	792
979	815
979	887
979	900
979	909
979	958
979	978
979	981
979	996
980	26
980	42
980	44
980	190
980	222
980	252
980	276
980	296
980	309
980	318
980	361
980	368
980	390
980	414
980	427
980	440
980	466
980	478
980	520
980	601
980	605
980	660
980	662
980	675
980	681
980	732
980	759
980	774
980	816
980	864
980	865
980	881
980	882
980	895
980	905
980	928
980	933
980	935
980	955
980	989
980	995
981	4
981	9
981	30
981	78
981	79
981	81
981	89
981	194
981	208
981	215
981	234
981	251
981	272
981	353
981	386
981	399
981	421
981	451
981	453
981	457
981	469
981	505
981	562
981	572
981	617
981	635
981	661
981	672
981	743
981	773
981	780
981	785
981	789
981	792
981	815
981	887
981	900
981	909
981	913
981	958
981	978
981	979
982	47
982	105
982	116
982	143
982	165
982	166
982	195
982	197
982	212
982	253
982	283
982	314
982	437
982	445
982	477
982	494
982	498
982	502
982	526
982	553
982	586
982	587
982	592
982	729
982	739
982	749
982	764
982	787
982	799
982	800
982	822
982	825
982	839
982	854
982	868
982	898
982	901
982	936
982	947
982	956
982	969
982	1000
983	86
983	101
983	114
983	124
983	142
983	147
983	187
983	246
983	257
983	279
983	297
983	316
983	373
983	385
983	417
983	462
983	532
983	551
983	565
983	578
983	580
983	603
983	618
983	625
983	646
983	679
983	728
983	741
983	747
983	748
983	772
983	777
983	794
983	798
983	804
983	830
983	853
983	877
983	955
983	971
983	972
983	992
984	38
984	69
984	84
984	120
984	126
984	131
984	145
984	226
984	260
984	282
984	289
984	299
984	323
984	345
984	350
984	403
984	410
984	447
984	450
984	486
984	491
984	496
984	534
984	596
984	602
984	667
984	684
984	718
984	802
984	811
984	841
984	867
984	897
984	912
984	924
984	962
984	964
984	965
984	969
984	977
984	991
984	996
985	55
985	67
985	77
985	104
985	115
985	125
985	132
985	162
985	174
985	185
985	201
985	237
985	245
985	247
985	259
985	363
985	374
985	377
985	418
985	420
985	468
985	476
985	529
985	540
985	548
985	556
985	604
985	623
985	644
985	645
985	686
985	694
985	700
985	771
985	781
985	843
985	879
985	886
985	931
985	940
985	941
985	987
986	20
986	68
986	71
986	88
986	262
986	294
986	303
986	317
986	340
986	342
986	464
986	482
986	512
986	531
986	564
986	570
986	573
986	615
986	627
986	628
986	634
986	647
986	652
986	676
986	703
986	778
986	779
986	788
986	803
986	817
986	818
986	823
986	836
986	875
986	883
986	890
986	906
986	921
986	946
986	967
986	988
986	991
986	993
987	67
987	125
987	132
987	162
987	174
987	201
987	245
987	247
987	248
987	250
987	259
987	306
987	363
987	377
987	418
987	420
987	476
987	481
987	503
987	508
987	516
987	529
987	540
987	556
987	559
987	604
987	609
987	623
987	644
987	645
987	686
987	694
987	700
987	771
987	781
987	879
987	886
987	895
987	916
987	931
987	940
987	941
987	985
988	19
988	28
988	43
988	88
988	90
988	211
988	294
988	317
988	340
988	342
988	384
988	464
988	482
988	487
988	512
988	531
988	545
988	564
988	570
988	573
988	615
988	627
988	628
988	634
988	647
988	652
988	676
988	703
988	778
988	779
988	788
988	803
988	817
988	818
988	823
988	875
988	883
988	890
988	906
988	946
988	986
988	990
988	991
988	993
989	1
989	25
989	26
989	80
989	128
989	130
989	147
989	148
989	160
989	202
989	252
989	277
989	286
989	296
989	352
989	388
989	397
989	440
989	478
989	520
989	541
989	601
989	665
989	675
989	680
989	681
989	690
989	732
989	737
989	759
989	774
989	816
989	838
989	859
989	864
989	865
989	882
989	895
989	905
989	928
989	935
989	951
989	971
989	980
989	995
990	32
990	64
990	108
990	119
990	150
990	157
990	191
990	219
990	261
990	280
990	292
990	343
990	380
990	387
990	389
990	392
990	438
990	463
990	471
990	598
990	616
990	619
990	620
990	632
990	692
990	712
990	733
990	757
990	766
990	775
990	782
990	809
990	813
990	819
990	842
990	847
990	872
990	891
990	939
990	943
990	944
990	954
990	957
990	966
990	970
990	988
991	20
991	28
991	43
991	68
991	71
991	88
991	211
991	262
991	294
991	303
991	317
991	340
991	384
991	464
991	482
991	487
991	512
991	531
991	564
991	570
991	573
991	615
991	627
991	628
991	634
991	647
991	652
991	703
991	778
991	779
991	788
991	803
991	817
991	818
991	823
991	836
991	845
991	875
991	883
991	890
991	906
991	946
991	984
991	986
991	988
991	993
992	6
992	109
992	113
992	129
992	142
992	161
992	168
992	187
992	199
992	207
992	240
992	271
992	279
992	300
992	364
992	385
992	428
992	532
992	578
992	579
992	580
992	583
992	607
992	618
992	629
992	646
992	649
992	650
992	678
992	679
992	689
992	705
992	741
992	748
992	772
992	777
992	794
992	798
992	804
992	830
992	853
992	877
992	894
992	971
992	972
992	983
993	19
993	43
993	68
993	71
993	88
993	90
993	211
993	262
993	294
993	317
993	340
993	342
993	350
993	384
993	464
993	482
993	487
993	512
993	531
993	564
993	570
993	573
993	615
993	627
993	628
993	634
993	652
993	676
993	703
993	778
993	779
993	788
993	803
993	817
993	818
993	823
993	836
993	875
993	883
993	890
993	906
993	939
993	946
993	986
993	988
993	991
994	34
994	50
994	73
994	118
994	176
994	178
994	216
994	221
994	325
994	358
994	381
994	402
994	413
994	449
994	452
994	459
994	504
994	507
994	515
994	546
994	569
994	593
994	621
994	673
994	702
994	708
994	711
994	724
994	746
994	805
994	806
994	844
994	845
994	846
994	869
994	885
994	914
994	917
994	921
994	932
994	942
994	968
994	974
994	978
994	997
994	998
995	1
995	42
995	53
995	148
995	163
995	222
995	252
995	265
995	277
995	286
995	296
995	318
995	355
995	388
995	390
995	440
995	466
995	478
995	485
995	520
995	527
995	541
995	550
995	558
995	654
995	662
995	665
995	675
995	680
995	681
995	690
995	759
995	838
995	859
995	864
995	865
995	881
995	884
995	895
995	905
995	928
995	929
995	933
995	935
995	951
995	955
995	980
995	989
996	12
996	38
996	49
996	70
996	84
996	120
996	126
996	131
996	196
996	226
996	242
996	258
996	282
996	289
996	299
996	345
996	349
996	350
996	356
996	403
996	435
996	447
996	486
996	491
996	496
996	512
996	514
996	534
996	595
996	596
996	666
996	667
996	802
996	811
996	841
996	850
996	867
996	897
996	912
996	924
996	934
996	962
996	964
996	965
996	969
996	977
996	979
996	984
997	14
997	24
997	50
997	73
997	95
997	118
997	138
997	140
997	152
997	176
997	178
997	216
997	325
997	358
997	382
997	402
997	413
997	431
997	449
997	459
997	462
997	480
997	504
997	507
997	515
997	569
997	593
997	651
997	673
997	691
997	708
997	711
997	724
997	746
997	805
997	806
997	834
997	844
997	845
997	869
997	885
997	914
997	917
997	932
997	942
997	968
997	974
997	994
997	998
998	50
998	95
998	118
998	138
998	140
998	149
998	152
998	176
998	178
998	205
998	221
998	264
998	315
998	325
998	358
998	375
998	382
998	402
998	413
998	449
998	459
998	504
998	515
998	517
998	546
998	569
998	593
998	621
998	673
998	702
998	708
998	711
998	724
998	746
998	805
998	806
998	808
998	834
998	845
998	846
998	885
998	914
998	921
998	932
998	942
998	968
998	974
998	994
998	997
999	41
999	63
999	82
999	141
999	144
999	177
999	213
999	254
999	267
999	288
999	320
999	322
999	360
999	371
999	391
999	398
999	416
999	442
999	488
999	493
999	535
999	551
999	585
999	590
999	591
999	631
999	648
999	653
999	693
999	696
999	706
999	707
999	720
999	726
999	790
999	791
999	828
999	829
999	832
999	863
999	893
999	925
999	945
999	948
999	953
999	959
999	960
999	963
999	973
1000	45
1000	51
1000	72
1000	105
1000	116
1000	122
1000	154
1000	158
1000	165
1000	166
1000	181
1000	195
1000	212
1000	236
1000	283
1000	314
1000	329
1000	331
1000	460
1000	467
1000	477
1000	494
1000	498
1000	502
1000	553
1000	586
1000	587
1000	592
1000	640
1000	704
1000	729
1000	739
1000	749
1000	756
1000	764
1000	787
1000	799
1000	800
1000	822
1000	825
1000	839
1000	849
1000	854
1000	868
1000	898
1000	901
1000	936
1000	947
1000	956
1000	982
