1	691
1	694
1	768
1	925
2	51
2	368
2	504
2	912
3	704
3	730
3	748
3	981
4	355
4	960
4	975
4	989
5	287
5	834
5	892
5	901
6	539
6	624
6	975
6	995
7	821
7	934
7	987
7	988
8	725
8	991
8	992
8	1000
9	823
9	977
9	996
9	999
10	839
10	892
10	901
10	922
11	49
11	653
11	693
11	830
12	487
12	919
12	987
12	999
13	502
13	933
13	948
13	959
14	753
14	933
14	948
14	959
15	933
15	945
15	948
15	959
16	770
16	986
16	987
16	988
17	719
17	800
17	907
17	972
18	765
18	823
18	828
18	996
19	557
19	812
19	887
19	894
20	749
20	933
20	948
20	959
21	260
21	830
21	949
21	962
22	958
22	982
22	993
22	994
23	757
23	908
23	950
23	953
24	570
24	662
24	898
24	967
25	406
25	547
25	787
25	887
26	681
26	919
26	926
26	941
27	91
27	513
27	913
27	973
28	388
28	532
28	572
28	665
29	928
29	936
29	978
29	980
30	161
30	755
30	961
30	979
31	176
31	286
31	856
31	956
32	41
32	639
32	698
32	984
33	748
33	940
33	951
33	981
34	80
34	986
34	988
34	999
35	99
35	681
35	807
35	1000
36	621
36	878
36	926
36	996
37	820
37	958
37	993
37	994
38	263
38	294
38	803
38	826
39	542
39	906
39	983
39	997
40	264
40	878
40	987
40	996
41	32
41	458
41	550
41	983
42	773
42	876
42	950
42	953
43	701
43	828
43	986
43	996
44	965
44	982
44	993
44	994
45	479
45	657
45	891
45	998
46	581
46	658
46	963
46	974
47	827
47	906
47	970
47	984
48	958
48	965
48	993
48	994
49	11
49	588
49	765
49	974
50	501
50	521
50	782
50	987
51	2
51	837
51	891
51	968
52	249
52	559
52	646
52	887
53	880
53	923
53	988
53	999
54	936
54	940
54	964
54	981
55	777
55	781
55	882
55	972
56	490
56	794
56	949
56	971
57	291
57	673
57	746
57	778
58	89
58	942
58	961
58	974
59	143
59	691
59	768
59	799
60	866
60	884
60	991
60	1000
61	609
61	750
61	887
61	894
62	317
62	339
62	342
62	809
63	452
63	842
63	964
63	981
64	880
64	923
64	941
64	986
65	486
65	914
65	982
65	993
66	87
66	865
66	985
66	998
67	242
67	658
67	693
67	827
68	303
68	468
68	755
68	979
69	776
69	813
69	893
69	895
70	936
70	940
70	964
70	981
71	938
71	944
71	991
71	1000
72	351
72	592
72	877
72	983
73	568
73	841
73	891
73	967
74	510
74	824
74	893
74	895
75	316
75	576
75	956
75	973
76	760
76	775
76	893
76	895
77	155
77	957
77	978
77	980
78	293
78	295
78	576
78	711
79	330
79	651
79	825
79	865
80	34
80	522
80	562
80	988
81	617
81	822
81	899
81	984
82	530
82	714
82	961
82	979
83	406
83	646
83	787
83	894
84	601
84	940
84	992
84	1000
85	454
85	512
85	541
85	952
86	736
86	977
86	986
86	988
87	66
87	570
87	688
87	985
88	924
88	982
88	993
88	994
89	58
89	194
89	352
89	963
90	451
90	800
90	882
90	990
91	27
91	576
91	956
91	973
92	888
92	957
92	978
92	980
93	818
93	862
93	870
93	929
94	214
94	805
94	840
94	946
95	747
95	776
95	862
95	929
96	203
96	332
96	722
96	962
97	747
97	766
97	862
97	929
98	819
98	847
98	858
98	986
99	35
99	676
99	911
99	992
100	130
100	419
100	856
100	973
101	920
101	935
101	976
101	989
102	890
102	909
102	991
102	1000
103	774
103	775
103	893
103	985
104	795
104	822
104	983
104	984
105	756
105	931
105	954
105	997
106	474
106	611
106	912
106	998
107	924
107	982
107	993
107	994
108	289
108	432
108	495
108	838
109	757
109	860
109	950
109	953
110	286
110	856
110	956
110	973
111	353
111	856
111	956
111	973
112	372
112	786
112	800
112	808
113	790
113	936
113	951
113	981
114	354
114	594
114	927
114	929
115	266
115	718
115	909
115	1000
116	120
116	905
116	982
116	994
117	855
117	892
117	901
117	922
118	432
118	647
118	691
118	809
119	868
119	965
119	993
119	994
120	116
120	727
120	910
120	972
121	846
121	886
121	983
121	984
122	657
122	841
122	912
122	998
123	648
123	916
123	996
123	999
124	658
124	784
124	961
124	963
125	434
125	962
125	971
125	979
126	544
126	628
126	967
126	985
127	920
127	935
127	976
127	989
128	504
128	641
128	688
128	852
129	554
129	731
129	870
129	929
130	100
130	715
130	913
130	956
131	860
131	900
131	950
131	953
132	620
132	921
132	978
132	980
133	352
133	597
133	963
133	971
134	769
134	936
134	964
134	981
135	159
135	967
135	985
135	998
136	623
136	672
136	741
136	968
137	692
137	795
137	906
137	966
138	345
138	380
138	401
138	939
139	372
139	667
139	836
139	946
140	557
140	812
140	887
140	894
141	797
141	904
141	957
141	980
142	742
142	871
142	917
142	939
143	59
143	596
143	903
143	925
144	472
144	768
144	771
144	925
145	365
145	514
145	652
145	666
146	621
146	977
146	987
146	999
147	748
147	881
147	964
147	981
148	355
148	497
148	955
148	960
149	921
149	957
149	978
149	980
150	828
150	941
150	977
150	987
151	478
151	660
151	945
151	959
152	821
152	934
152	977
152	999
153	683
153	951
153	964
153	981
154	721
154	945
154	948
154	959
155	77
155	928
155	978
155	980
156	295
156	703
156	874
156	956
157	947
157	960
157	989
157	995
158	798
158	890
158	897
158	911
159	135
159	853
159	968
159	998
160	730
160	842
160	964
160	981
161	30
161	729
161	755
161	979
162	965
162	982
162	993
162	994
163	266
163	875
163	991
163	1000
164	208
164	495
164	551
164	792
165	579
165	952
165	972
165	990
166	924
166	965
166	982
166	993
167	479
167	602
167	985
167	998
168	362
168	598
168	877
168	983
169	737
169	814
169	955
169	975
170	289
170	467
170	551
170	792
171	363
171	675
171	938
171	992
172	666
172	879
172	992
172	1000
173	488
173	901
173	922
174	340
174	920
174	947
174	995
175	177
175	758
175	995
175	999
176	31
176	577
176	913
176	973
177	175
177	207
177	977
177	986
178	207
178	623
178	841
178	998
179	426
179	540
179	727
179	805
180	761
180	773
180	848
180	950
181	921
181	928
181	957
181	980
182	678
182	808
182	885
182	990
183	701
183	886
183	899
183	966
184	645
184	957
184	978
184	980
185	238
185	961
185	962
185	971
186	855
186	892
186	901
186	922
187	679
187	838
187	985
187	998
188	883
188	918
188	983
188	984
189	651
189	838
189	985
189	998
190	194
190	267
190	588
190	784
191	446
191	616
191	725
191	884
192	791
192	920
192	947
192	989
193	603
193	609
193	887
193	894
194	89
194	190
194	765
194	974
195	633
195	909
195	991
195	1000
196	567
196	846
196	918
196	966
197	423
197	685
197	852
197	985
198	707
198	957
198	978
198	980
199	499
199	581
199	949
199	979
200	867
200	902
200	932
200	978
201	397
201	693
201	712
201	979
202	916
202	986
202	987
202	988
203	96
203	581
203	963
203	971
204	659
204	671
204	927
204	929
205	835
205	976
205	989
205	995
206	672
206	825
206	968
206	985
207	177
207	178
207	736
207	919
208	164
208	339
208	508
208	564
209	880
209	919
209	986
209	999
210	965
210	982
210	993
210	994
211	846
211	966
211	970
211	983
212	605
212	615
212	880
212	977
213	659
213	766
213	818
213	929
214	94
214	372
214	460
214	610
215	688
215	898
215	912
215	967
216	657
216	853
216	985
216	998
217	365
217	394
217	713
217	942
218	842
218	936
218	951
218	981
219	807
219	875
219	897
219	991
220	811
220	873
220	955
220	995
221	777
221	885
221	943
221	952
222	827
222	859
222	949
222	963
223	278
223	898
223	968
223	998
224	768
224	858
224	903
224	925
225	958
225	982
225	993
225	994
226	351
226	550
226	614
226	640
227	709
227	961
227	962
227	979
228	685
228	688
228	838
228	967
229	771
229	847
229	858
229	925
230	720
230	722
230	949
230	963
231	351
231	519
231	756
231	797
232	435
232	746
232	917
232	939
233	503
233	802
233	955
233	976
234	804
234	982
234	993
234	994
235	924
235	958
235	993
235	994
236	666
236	911
236	971
236	1000
237	305
237	731
237	927
237	929
238	185
238	413
238	765
238	942
239	944
239	991
239	992
239	1000
240	861
240	879
240	884
240	890
241	817
241	975
241	976
241	989
242	67
242	764
242	971
242	974
243	561
243	781
243	885
243	943
244	734
244	758
244	987
244	996
245	522
245	986
245	988
245	996
246	337
246	692
246	696
246	931
246	984
247	549
247	780
247	810
247	836
247	972
248	406
248	528
248	559
248	812
248	962
249	52
249	526
249	528
249	787
249	894
250	454
250	457
250	612
250	952
250	990
251	512
251	682
251	872
251	907
251	910
252	433
252	897
252	909
252	991
252	992
253	697
253	734
253	916
253	977
253	986
254	810
254	882
254	896
254	907
254	946
255	656
255	698
255	899
255	954
255	997
256	765
256	830
256	971
256	974
256	979
257	519
257	906
257	954
257	969
257	970
258	589
258	882
258	910
258	943
258	946
259	849
259	873
259	955
259	960
259	975
260	21
260	265
260	407
260	794
260	859
261	289
261	508
261	647
261	792
261	809
262	616
262	845
262	911
262	915
262	992
263	38
263	491
263	700
263	956
263	973
264	40
264	828
264	919
264	923
264	996
265	260
265	629
265	942
265	971
265	974
266	115
266	163
266	911
266	944
266	992
267	190
267	653
267	712
267	714
267	859
268	683
268	751
268	815
268	964
268	981
269	339
269	432
269	647
269	792
269	809
270	448
270	891
270	898
270	967
270	968
271	380
271	435
271	668
271	871
271	939
272	886
272	918
272	954
272	966
272	970
273	762
273	773
273	848
273	908
273	950
274	613
274	711
274	803
274	856
274	973
275	357
275	561
275	610
275	942
275	952
276	287
276	565
276	839
276	892
276	922
277	426
277	786
277	800
277	872
277	972
278	223
278	568
278	841
278	968
278	998
279	537
279	933
279	945
279	948
279	959
280	405
280	958
280	965
280	982
280	993
281	334
281	668
281	778
281	863
281	871
282	584
282	921
282	932
282	978
282	980
283	408
283	821
283	941
283	977
283	999
284	763
284	933
284	945
284	948
284	959
285	450
285	510
285	760
285	824
285	895
286	31
286	110
286	491
286	803
286	856
287	5
287	276
287	783
287	901
287	922
288	867
288	902
288	904
288	928
288	978
289	108
289	170
289	261
289	467
289	792
290	905
290	965
290	982
290	993
290	994
291	57
291	307
291	608
291	871
291	917
292	930
292	940
292	951
292	964
292	981
293	78
293	323
293	874
293	913
293	973
294	38
294	752
294	803
294	826
294	913
295	78
295	156
295	955
295	956
295	973
296	547
296	787
296	812
296	887
296	894
297	705
297	813
297	824
297	893
297	895
298	710
298	924
298	958
298	982
298	994
299	699
299	744
299	746
299	871
299	917
300	828
300	987
300	988
300	996
300	999
301	481
301	617
301	899
301	954
301	997
302	316
302	700
302	913
302	956
302	973
303	68
303	942
303	961
303	963
303	979
304	829
304	834
304	855
304	901
304	922
305	237
305	747
305	766
305	870
305	927
306	900
306	930
306	940
306	951
306	964
307	291
307	699
307	744
307	863
307	939
308	309
308	613
308	752
308	826
308	956
309	308
309	437
309	506
309	715
309	973
310	821
310	833
310	987
310	996
310	999
311	648
311	923
311	988
311	996
311	999
312	660
312	933
312	945
312	948
312	959
313	397
313	743
313	764
313	765
313	949
314	701
314	916
314	926
314	986
314	988
315	760
315	774
315	824
315	893
315	895
316	75
316	302
316	874
316	956
316	973
317	62
317	342
317	467
317	551
317	809
318	689
318	817
318	947
318	960
318	995
319	363
319	480
319	845
319	938
319	991
320	815
320	930
320	936
320	951
320	981
321	756
321	795
321	883
321	899
321	966
322	721
322	759
322	777
322	781
322	808
323	293
323	613
323	803
323	913
323	973
324	409
324	784
324	791
324	962
324	963
325	663
325	798
325	915
325	938
325	1000
326	573
326	869
326	900
326	950
326	953
327	740
327	869
327	908
327	950
327	953
328	625
328	934
328	977
328	986
328	999
329	829
329	839
329	855
329	922
329	994
330	79
330	851
330	968
330	985
330	998
331	639
331	844
331	850
331	931
331	997
332	96
332	618
332	942
332	962
332	963
333	877
333	883
333	931
333	983
333	997
334	281
334	742
334	778
334	917
334	939
335	674
335	806
335	842
335	930
335	981
336	481
336	756
336	969
336	983
336	997
337	246
337	886
337	970
337	983
337	984
338	783
338	829
338	834
338	839
338	922
339	62
339	208
339	269
339	647
339	809
340	174
340	835
340	873
340	976
340	995
341	393
341	802
341	955
341	976
341	995
342	62
342	317
342	564
342	792
342	809
343	833
343	843
343	916
343	977
343	988
344	873
344	975
344	976
344	989
344	995
345	138
345	365
345	778
345	871
345	939
346	820
346	914
346	981
346	993
346	994
347	594
347	862
347	870
347	927
347	929
348	768
348	850
348	877
348	984
348	997
349	416
349	461
349	476
349	840
349	990
350	753
350	816
350	945
350	948
350	959
351	72
351	226
351	231
351	966
351	984
352	89
352	133
352	827
352	971
352	979
353	111
353	715
353	874
353	913
353	973
354	114
354	585
354	766
354	927
354	929
355	4
355	148
355	497
355	582
355	995
356	441
356	635
356	870
356	927
356	929
357	275
357	541
357	808
357	946
357	990
358	613
358	752
358	874
358	913
358	973
359	881
359	930
359	936
359	940
359	981
360	744
360	863
360	871
360	917
360	939
361	717
361	860
361	908
361	950
361	953
362	168
362	850
362	883
362	954
362	984
363	171
363	319
363	636
363	739
363	909
364	632
364	799
364	858
364	903
364	925
365	145
365	217
365	345
365	772
365	939
366	451
366	512
366	727
366	840
366	972
367	483
367	634
367	695
367	735
367	992
368	2
368	570
368	706
368	898
368	985
369	606
369	653
369	722
369	755
369	942
370	592
370	733
370	883
370	969
370	970
371	790
371	930
371	951
371	964
371	981
372	112
372	139
372	214
372	777
372	990
373	398
373	652
373	915
373	944
373	992
374	723
374	933
374	945
374	948
374	959
375	462
375	715
375	856
375	913
375	973
376	746
376	772
376	871
376	917
376	939
377	708
377	888
377	957
377	978
377	980
378	651
378	741
378	851
378	967
378	998
379	627
379	673
379	742
379	863
379	939
380	138
380	271
380	435
380	699
380	863
381	493
381	775
381	776
381	813
381	895
382	644
382	933
382	945
382	948
382	959
383	842
383	881
383	940
383	964
383	981
384	752
384	843
384	987
384	996
384	999
385	773
385	869
385	900
385	950
385	953
386	730
386	815
386	842
386	951
386	981
387	760
387	813
387	824
387	893
387	895
388	28
388	678
388	780
388	805
388	946
388	990
389	602
389	662
389	851
389	968
389	985
389	998
390	436
390	582
390	791
390	817
390	955
390	989
391	801
391	905
391	958
391	965
391	982
391	994
392	866
392	878
392	923
392	986
392	988
392	996
393	341
393	873
393	960
393	976
393	989
393	995
394	217
394	468
394	530
394	588
394	709
394	720
395	760
395	774
395	775
395	824
395	893
395	895
396	409
396	413
396	658
396	971
396	974
396	979
397	201
397	313
397	830
397	859
397	942
397	962
398	373
398	857
398	937
398	938
398	992
398	1000
399	790
399	806
399	881
399	936
399	964
399	981
400	671
400	731
400	862
400	870
400	927
400	929
401	138
401	746
401	778
401	871
401	917
401	939
402	739
402	875
402	890
402	897
402	944
402	992
403	460
403	808
403	810
403	872
403	972
403	990
404	877
404	883
404	954
404	966
404	984
404	997
405	280
405	905
405	965
405	982
405	993
405	994
406	25
406	83
406	248
406	609
406	750
406	894
407	260
407	629
407	709
407	794
407	830
407	961
408	283
408	625
408	758
408	977
408	986
408	999
409	324
409	396
409	517
409	949
409	962
409	979
410	919
410	977
410	986
410	987
410	996
410	999
411	757
411	860
411	869
411	876
411	950
411	953
412	415
412	864
412	897
412	909
412	944
412	992
413	238
413	396
413	626
413	642
413	963
413	979
414	550
414	598
414	690
414	779
414	983
414	997
415	412
415	686
415	866
415	909
415	938
415	1000
416	349
416	589
416	719
416	800
416	952
416	972
417	797
417	822
417	844
417	883
417	954
417	966
418	540
418	612
418	836
418	946
418	972
418	990
419	100
419	752
419	826
419	913
419	956
419	973
420	588
420	942
420	961
420	963
420	974
420	979
421	563
421	588
421	743
421	794
421	963
421	979
422	820
422	924
422	965
422	982
422	993
422	994
423	197
423	651
423	672
423	841
423	982
423	998
424	484
424	606
424	740
424	762
424	876
424	953
425	462
425	491
425	630
425	703
425	913
425	956
426	179
426	277
426	788
426	910
426	946
426	972
427	723
427	763
427	816
427	945
427	948
427	959
428	744
428	844
428	863
428	871
428	917
428	939
429	605
429	878
429	916
429	934
429	987
429	999
430	660
430	723
430	753
430	933
430	948
430	959
431	780
431	786
431	810
431	882
431	943
431	990
432	108
432	118
432	269
432	470
432	508
432	809
433	252
433	845
433	861
433	866
433	938
433	1000
434	125
434	653
434	720
434	729
434	764
434	794
435	232
435	271
435	380
435	778
435	863
435	917
436	390
436	811
436	920
436	935
436	947
436	975
437	309
437	506
437	703
437	856
437	913
437	973
438	638
438	835
438	975
438	976
438	989
438	995
439	605
439	734
439	923
439	986
439	988
439	996
440	503
440	835
440	920
440	935
440	989
440	995
441	356
441	533
441	585
441	659
441	862
441	927
442	677
442	867
442	902
442	911
442	978
442	980
443	751
443	936
443	940
443	951
443	964
443	981
444	506
444	803
444	826
444	913
444	923
444	956
445	958
445	965
445	966
445	982
445	993
445	994
446	191
446	652
446	875
446	884
446	991
446	992
447	793
447	817
447	955
447	975
447	989
447	995
448	270
448	544
448	838
448	853
448	912
448	985
449	481
449	519
449	886
449	931
449	954
449	997
450	285
450	760
450	776
450	824
450	893
450	895
451	90
451	366
451	678
451	910
451	946
451	952
452	63
452	842
452	936
452	940
452	964
452	981
453	850
453	931
453	954
453	969
453	970
453	984
454	85
454	250
454	780
454	800
454	952
454	972
455	457
455	610
455	781
455	946
455	972
455	990
456	770
456	916
456	919
456	926
456	986
456	988
457	250
457	455
457	460
457	665
457	882
457	990
458	41
458	797
458	822
458	844
458	846
458	970
459	811
459	814
459	920
459	935
459	960
459	995
460	214
460	403
460	457
460	472
460	612
460	943
461	349
461	777
461	805
461	882
461	907
461	990
462	375
462	425
462	576
462	703
462	826
462	874
463	479
463	672
463	865
463	967
463	985
463	998
464	579
464	872
464	896
464	907
464	972
464	990
465	791
465	793
465	955
465	960
465	976
465	989
466	785
466	896
466	932
466	957
466	978
466	980
467	170
467	289
467	317
467	647
467	792
467	809
468	68
468	394
468	729
468	784
468	961
468	962
469	540
469	579
469	840
469	872
469	972
469	990
470	432
470	508
470	564
470	647
470	792
470	809
471	848
471	854
471	860
471	908
471	950
471	953
472	144
472	460
472	667
472	788
472	972
472	990
473	840
473	872
473	896
473	943
473	952
473	972
474	106
474	501
474	577
474	590
474	628
474	967
475	632
475	768
475	819
475	832
475	847
475	925
476	349
476	664
476	719
476	727
476	952
476	990
477	578
477	694
477	819
477	832
477	858
477	925
478	151
478	492
478	502
478	945
478	948
478	959
479	45
479	167
479	463
479	641
479	898
479	998
480	319
480	695
480	718
480	864
480	875
480	991
481	301
481	336
481	449
481	733
481	797
481	954
482	793
482	811
482	935
482	947
482	960
482	976
483	367
483	636
483	864
483	884
483	927
483	937
484	424
484	717
484	860
484	869
484	950
484	953
485	596
485	654
485	832
485	847
485	903
485	925
486	65
486	914
486	924
486	965
486	982
486	993
487	12
487	833
487	926
487	987
487	996
487	999
488	173
488	834
488	839
488	892
488	901
488	922
489	541
489	808
489	885
489	946
489	972
489	990
490	56
490	764
490	942
490	949
490	971
490	979
491	263
491	286
491	425
491	715
491	913
491	973
492	478
492	789
492	816
492	933
492	945
492	959
493	381
493	774
493	775
493	813
493	893
493	895
494	533
494	571
494	585
494	635
494	862
494	927
495	108
495	164
495	508
495	551
495	647
495	792
495	809
496	582
496	849
496	955
496	960
496	975
496	989
496	995
497	148
497	355
497	791
497	793
497	873
497	935
497	995
498	578
498	654
498	694
498	819
498	832
498	903
498	925
499	199
499	548
499	728
499	949
499	962
499	963
499	971
500	616
500	875
500	897
500	915
500	937
500	991
500	992
501	50
501	474
501	825
501	853
501	891
501	912
501	939
502	13
502	478
502	763
502	933
502	945
502	948
502	959
503	233
503	440
503	759
503	873
503	920
503	935
503	995
504	2
504	128
504	825
504	912
504	967
504	968
504	985
505	802
505	817
505	935
505	947
505	975
505	976
505	989
506	309
506	437
506	444
506	752
506	874
506	956
506	973
507	515
507	845
507	875
507	879
507	944
507	992
507	1000
508	208
508	261
508	432
508	470
508	495
508	564
508	792
509	736
509	934
509	969
509	977
509	987
509	988
509	996
510	74
510	285
510	760
510	774
510	776
510	813
510	895
511	805
511	806
511	930
511	936
511	940
511	964
511	981
512	85
512	251
512	366
512	664
512	727
512	840
512	907
513	27
513	576
513	826
513	874
513	913
513	956
513	973
514	145
514	586
514	633
514	663
514	807
514	938
514	991
515	507
515	857
515	879
515	909
515	937
515	992
515	1000
516	605
516	821
516	843
516	916
516	977
516	996
516	999
517	409
517	629
517	713
517	755
517	961
517	963
517	979
518	577
518	643
518	741
518	853
518	865
518	985
518	998
519	231
519	257
519	449
519	552
519	598
519	969
519	983
520	737
520	814
520	849
520	947
520	975
520	976
520	995
521	50
521	641
521	837
521	838
521	967
521	968
521	985
522	80
522	245
522	745
522	770
522	987
522	988
522	999
523	902
523	904
523	928
523	932
523	957
523	978
523	980
524	592
524	698
524	850
524	954
524	966
524	969
524	997
525	854
525	860
525	869
525	900
525	908
525	950
525	953
526	249
526	559
526	608
526	750
526	812
526	894
526	958
527	622
527	654
527	799
527	819
527	847
527	858
527	903
528	248
528	249
528	646
528	750
528	812
528	887
528	894
529	638
529	947
529	955
529	975
529	976
529	989
529	995
530	82
530	394
530	713
530	728
530	859
530	949
530	971
531	532
531	610
531	781
531	885
531	896
531	930
531	943
532	28
532	531
532	589
532	805
532	896
532	910
532	990
533	441
533	494
533	554
533	671
533	818
533	862
533	870
534	552
534	801
534	914
534	965
534	982
534	993
534	994
535	606
535	709
535	784
535	859
535	949
535	974
535	979
536	738
536	783
536	829
536	855
536	892
536	901
536	922
537	279
537	640
537	749
537	933
537	945
537	948
537	959
538	753
538	789
538	816
538	933
538	945
538	948
538	959
539	6
539	615
539	821
539	977
539	987
539	996
539	999
540	179
540	418
540	469
540	541
540	836
540	840
540	907
541	85
541	357
541	489
541	540
541	896
541	946
541	990
542	39
542	754
542	918
542	935
542	969
542	983
542	984
543	868
543	889
543	924
543	958
543	982
543	993
543	994
544	126
544	448
544	583
544	841
544	852
544	985
544	998
545	594
545	747
545	766
545	818
545	862
545	927
545	929
546	822
546	883
546	906
546	970
546	983
546	984
546	997
547	25
547	296
547	559
547	609
547	787
547	887
547	894
548	499
548	743
548	859
548	942
548	971
548	973
548	974
549	247
549	664
549	805
549	810
549	943
549	946
549	972
550	41
550	226
550	414
550	566
550	702
550	877
550	970
551	164
551	170
551	317
551	495
551	647
551	792
551	809
552	519
552	534
552	684
552	779
552	844
552	906
552	966
553	650
553	726
553	834
553	839
553	892
553	901
553	922
554	129
554	533
554	607
554	818
554	862
554	870
554	929
555	707
555	767
555	888
555	902
555	932
555	978
555	980
556	610
556	665
556	896
556	943
556	952
556	972
556	990
557	19
557	140
557	608
557	750
557	779
557	812
557	887
558	767
558	904
558	921
558	928
558	932
558	978
558	980
559	52
559	248
559	526
559	547
559	603
559	787
559	887
560	790
560	806
560	815
560	930
560	951
560	972
560	981
561	243
561	275
561	721
561	810
561	871
561	896
561	990
562	80
562	593
562	919
562	926
562	941
562	988
562	996
563	421
563	658
563	827
563	859
563	962
563	971
563	979
564	208
564	342
564	470
564	508
564	647
564	792
564	809
565	276
565	726
565	829
565	839
565	855
565	892
565	922
566	550
566	567
566	698
566	883
566	918
566	983
566	997
567	196
567	566
567	796
567	886
567	931
567	969
567	997
568	73
568	278
568	583
568	838
568	841
568	967
568	968
569	708
569	867
569	904
569	928
569	932
569	978
569	980
570	24
570	87
570	368
570	623
570	825
570	841
570	851
571	494
571	607
571	671
571	731
571	766
571	818
571	862
571	927
572	28
572	727
572	777
572	781
572	896
572	952
572	972
572	990
573	326
573	717
573	848
573	854
573	876
573	900
573	908
573	953
574	740
574	854
574	869
574	876
574	900
574	908
574	950
574	953
575	888
575	904
575	921
575	928
575	932
575	957
575	978
575	980
576	75
576	78
576	91
576	462
576	513
576	874
576	956
576	973
577	176
577	474
577	518
577	706
577	825
577	968
577	985
577	998
578	477
578	498
578	771
578	799
578	819
578	847
578	903
578	925
579	165
579	464
579	469
579	682
579	805
579	836
579	943
579	972
580	687
580	831
580	868
580	889
580	905
580	958
580	993
580	994
581	46
581	199
581	203
581	626
581	949
581	962
581	974
581	979
582	355
582	390
582	496
582	624
582	724
582	811
582	976
582	989
583	544
583	568
583	706
583	741
583	838
583	852
583	912
583	985
584	282
584	767
584	888
584	921
584	928
584	957
584	978
584	980
585	354
585	441
585	494
585	607
585	659
585	818
585	870
585	929
586	514
586	798
586	818
586	857
586	884
586	890
586	911
586	944
587	828
587	843
587	919
587	934
587	977
587	986
587	987
587	999
588	49
588	190
588	394
588	420
588	421
588	830
588	961
588	962
589	258
589	416
589	532
589	810
589	882
589	910
589	972
589	990
590	474
590	628
590	782
590	865
590	912
590	967
590	968
590	998
591	759
591	802
591	835
591	947
591	960
591	975
591	976
591	989
592	72
592	370
592	524
592	798
592	906
592	969
592	983
592	984
593	562
593	661
593	745
593	919
593	926
593	941
593	988
593	996
594	114
594	347
594	545
594	635
594	747
594	862
594	927
594	929
595	801
595	905
595	914
595	958
595	965
595	982
595	993
595	994
596	143
596	485
596	694
596	832
596	847
596	858
596	903
596	925
597	133
597	801
597	868
597	914
597	965
597	982
597	993
597	994
598	168
598	414
598	519
598	795
598	844
598	969
598	984
598	997
599	604
599	676
599	798
599	861
599	909
599	911
599	944
599	1000
600	670
600	889
600	914
600	924
600	958
600	965
600	993
600	994
601	84
601	686
601	864
601	879
601	890
601	915
601	992
601	1000
602	167
602	389
602	611
602	657
602	851
602	912
602	985
602	998
603	193
603	559
603	646
603	750
603	787
603	812
603	887
603	894
604	599
604	866
604	879
604	915
604	944
604	991
604	992
604	1000
605	212
605	429
605	439
605	516
605	758
605	823
605	986
605	999
606	369
606	424
606	535
606	713
606	743
606	784
606	830
606	859
607	554
607	571
607	585
607	635
607	747
607	766
607	870
607	927
608	291
608	526
608	557
608	609
608	787
608	812
608	887
608	894
609	61
609	193
609	406
609	547
609	608
609	750
609	887
609	894
610	214
610	275
610	455
610	531
610	556
610	667
610	678
610	907
611	106
611	602
611	629
611	651
611	657
611	782
611	853
611	998
612	250
612	418
612	460
612	781
612	810
612	910
612	972
612	990
613	274
613	308
613	323
613	358
613	700
613	856
613	956
613	973
614	226
614	639
614	883
614	918
614	966
614	969
614	970
614	997
615	212
615	539
615	697
615	734
615	843
615	941
615	977
615	987
616	191
616	262
616	500
616	718
616	857
616	861
616	937
616	991
617	81
617	301
617	656
617	754
617	966
617	970
617	983
617	984
618	332
618	743
618	755
618	859
618	961
618	962
618	971
618	974
619	804
619	820
619	831
619	889
619	905
619	958
619	993
619	994
620	132
620	867
620	921
620	928
620	932
620	957
620	978
620	980
621	36
621	146
621	701
621	823
621	843
621	919
621	996
621	999
622	527
622	694
622	799
622	819
622	847
622	858
622	903
622	925
623	136
623	178
623	570
623	852
623	898
623	968
623	985
623	998
624	6
624	582
624	669
624	814
624	920
624	960
624	976
624	995
625	328
625	408
625	878
625	926
625	941
625	986
625	987
625	999
626	413
626	581
626	720
626	729
626	830
626	942
626	962
626	971
627	379
627	668
627	744
627	746
627	772
627	863
627	917
627	939
628	126
628	474
628	590
628	643
628	679
628	852
628	985
628	998
629	265
629	407
629	517
629	611
629	693
629	859
629	963
629	971
630	425
630	711
630	752
630	803
630	826
630	856
630	913
630	973
631	696
631	829
631	883
631	899
631	906
631	954
631	966
631	997
632	364
632	475
632	654
632	691
632	771
632	799
632	903
632	925
633	195
633	514
633	884
633	897
633	909
633	915
633	944
633	991
634	367
634	695
634	845
634	866
634	897
634	915
634	937
634	992
635	356
635	494
635	594
635	607
635	671
635	731
635	818
635	927
636	363
636	483
636	676
636	725
636	735
636	857
636	992
636	1000
637	737
637	791
637	849
637	935
637	955
637	975
637	976
637	989
637	995
638	438
638	529
638	793
638	802
638	920
638	935
638	976
638	989
638	995
639	32
639	331
639	614
639	696
639	906
639	954
639	966
639	984
639	997
640	226
640	537
640	822
640	883
640	899
640	906
640	970
640	984
640	997
641	128
641	479
641	521
641	651
641	782
641	838
641	898
641	967
641	985
642	413
642	653
642	716
642	720
642	728
642	827
642	963
642	971
642	974
643	518
643	628
643	837
643	853
643	865
643	898
643	912
643	967
643	985
644	382
644	749
644	753
644	763
644	789
644	816
644	945
644	948
644	959
645	184
645	785
645	888
645	904
645	921
645	928
645	957
645	978
645	980
646	52
646	83
646	528
646	603
646	787
646	812
646	879
646	887
646	894
647	118
647	261
647	269
647	339
647	467
647	470
647	495
647	551
647	564
648	123
648	311
648	661
648	770
648	821
648	934
648	977
648	987
648	999
649	710
649	831
649	868
649	889
649	914
649	958
649	982
649	993
649	994
650	553
650	738
650	783
650	829
650	834
650	855
650	892
650	901
650	922
651	79
651	189
651	378
651	423
651	611
651	641
651	838
651	898
651	998
652	145
652	373
652	446
652	857
652	861
652	911
652	937
652	991
652	1000
653	11
653	267
653	369
653	434
653	642
653	716
653	755
653	961
653	962
654	485
654	498
654	527
654	632
654	771
654	832
654	847
654	903
654	925
655	823
655	833
655	916
655	941
655	986
655	987
655	988
655	996
655	999
656	255
656	617
656	704
656	931
656	966
656	970
656	983
656	984
656	997
657	45
657	122
657	216
657	602
657	611
657	706
657	891
657	912
657	998
658	46
658	67
658	124
658	396
658	563
658	942
658	961
658	963
658	971
659	204
659	213
659	441
659	585
659	731
659	747
659	818
659	862
659	929
660	151
660	312
660	430
660	749
660	789
660	933
660	945
660	948
660	959
661	593
661	648
661	823
661	878
661	916
661	923
661	977
661	988
661	999
662	24
662	389
662	706
662	837
662	852
662	891
662	898
662	912
662	967
663	325
663	514
663	864
663	890
663	911
663	938
663	991
663	992
663	1000
664	476
664	512
664	549
664	721
664	788
664	882
664	907
664	910
664	946
665	28
665	457
665	556
665	719
665	786
665	788
665	800
665	872
665	885
666	145
666	172
666	236
666	681
666	807
666	864
666	875
666	915
666	938
667	139
667	472
667	610
667	721
667	872
667	885
667	943
667	972
667	990
668	271
668	281
668	627
668	699
668	742
668	772
668	871
668	917
668	939
669	624
669	759
669	817
669	920
669	955
669	975
669	976
669	989
669	995
670	600
670	831
670	868
670	889
670	905
670	914
670	965
670	993
670	994
671	204
671	400
671	533
671	571
671	635
671	862
671	870
671	927
671	929
672	136
672	206
672	423
672	463
672	967
672	968
672	985
672	991
672	998
673	57
673	379
673	699
673	742
673	772
673	778
673	863
673	917
673	939
674	335
674	806
674	815
674	842
674	881
674	930
674	951
674	964
674	981
675	171
675	735
675	866
675	875
675	879
675	909
675	944
675	991
675	1000
676	99
676	599
676	636
676	725
676	911
676	937
676	938
676	944
676	1000
677	442
677	785
677	888
677	902
677	904
677	932
677	957
677	978
677	980
678	182
678	388
678	451
678	610
678	719
678	840
678	872
678	896
678	910
679	187
679	628
679	782
679	837
679	875
679	891
679	968
679	985
679	998
680	785
680	888
680	902
680	921
680	928
680	932
680	957
680	978
680	980
681	26
681	35
681	666
681	864
681	875
681	909
681	911
681	991
681	1000
682	251
682	579
682	781
682	800
682	808
682	882
682	943
682	952
682	990
683	153
683	268
683	730
683	790
683	815
683	930
683	936
683	940
683	964
684	552
684	696
684	877
684	906
684	931
684	966
684	969
684	970
684	983
685	197
685	228
685	706
685	741
685	825
685	891
685	898
685	968
685	998
686	415
686	601
686	718
686	845
686	864
686	879
686	884
686	992
686	1000
687	580
687	710
687	804
687	868
687	914
687	958
687	965
687	982
687	993
687	994
688	87
688	128
688	215
688	228
688	852
688	898
688	967
688	968
688	985
688	998
689	318
689	791
689	873
689	935
689	947
689	955
689	960
689	975
689	989
689	995
690	414
690	733
690	850
690	886
690	899
690	954
690	969
690	970
690	983
690	984
691	1
691	59
691	118
691	632
691	768
691	771
691	799
691	832
691	903
691	925
692	137
692	246
692	733
692	822
692	846
692	877
692	899
692	966
692	983
692	997
693	11
693	67
693	201
693	629
693	713
693	714
693	720
693	949
693	974
693	979
694	1
694	477
694	498
694	596
694	622
694	771
694	832
694	858
694	903
694	925
695	367
695	480
695	634
695	739
695	865
695	884
695	911
695	937
695	944
695	1000
696	246
696	631
696	639
696	684
696	796
696	954
696	969
696	970
696	983
696	997
697	253
697	615
697	770
697	828
697	853
697	926
697	934
697	986
697	996
697	999
698	32
698	255
698	524
698	566
698	702
698	754
698	822
698	931
698	969
698	984
699	299
699	307
699	380
699	668
699	673
699	744
699	746
699	772
699	917
699	939
700	263
700	302
700	613
700	703
700	826
700	856
700	874
700	913
700	956
700	973
701	43
701	183
701	314
701	621
701	833
701	923
701	941
701	977
701	986
701	988
702	550
702	698
702	844
702	877
702	918
702	954
702	969
702	970
702	983
702	997
703	156
703	425
703	437
703	462
703	700
703	752
703	874
703	913
703	956
703	973
704	3
704	656
704	730
704	769
704	842
704	930
704	936
704	940
704	951
704	964
705	297
705	760
705	769
705	774
705	775
705	776
705	813
705	824
705	893
705	895
706	368
706	577
706	583
706	657
706	662
706	685
706	852
706	965
706	967
706	998
707	198
707	555
707	867
707	902
707	904
707	921
707	928
707	932
707	957
707	978
708	377
708	569
708	867
708	902
708	921
708	928
708	932
708	957
708	978
708	980
709	227
709	394
709	407
709	535
709	850
709	942
709	963
709	971
709	974
709	979
710	298
710	649
710	687
710	820
710	889
710	914
710	924
710	958
710	982
710	994
711	78
711	274
711	630
711	803
711	826
711	831
711	856
711	874
711	913
711	956
712	201
712	267
712	716
712	729
712	755
712	765
712	961
712	962
712	963
712	979
713	217
713	517
713	530
713	606
713	693
713	728
713	949
713	961
713	963
713	974
714	82
714	267
714	693
714	794
714	827
714	830
714	961
714	962
714	963
714	974
715	130
715	309
715	353
715	375
715	491
715	752
715	856
715	874
715	956
715	973
716	642
716	653
716	712
716	784
716	794
716	942
716	949
716	961
716	974
716	979
717	361
717	484
717	573
717	773
717	854
717	876
717	900
717	908
717	950
717	993
718	115
718	480
718	616
718	686
718	807
718	911
718	915
718	944
718	991
718	1000
719	17
719	416
719	476
719	665
719	678
719	808
719	840
719	882
719	885
719	946
719	952
720	230
720	394
720	434
720	626
720	642
720	693
720	728
720	765
720	942
720	962
720	974
721	154
721	322
721	561
721	664
721	667
721	780
721	786
721	907
721	910
721	952
721	990
722	96
722	230
722	369
722	729
722	764
722	794
722	830
722	942
722	949
722	962
722	974
723	374
723	427
723	430
723	749
723	763
723	789
723	816
723	933
723	945
723	948
723	959
724	582
724	737
724	793
724	814
724	835
724	873
724	920
724	975
724	976
724	989
724	995
725	8
725	191
725	636
725	676
725	807
725	864
725	884
725	890
725	938
725	991
725	1000
726	553
726	565
726	738
726	783
726	829
726	834
726	839
726	855
726	892
726	901
726	922
727	120
727	179
727	366
727	476
727	512
727	572
727	800
727	836
727	882
727	952
727	990
728	499
728	530
728	642
728	713
728	720
728	743
728	961
728	962
728	971
728	974
728	979
729	161
729	434
729	468
729	626
729	712
729	722
729	765
729	949
729	961
729	963
729	979
730	3
730	160
730	386
730	683
730	704
730	881
730	936
730	940
730	951
730	964
730	981
731	129
731	237
731	400
731	571
731	635
731	659
731	747
731	766
731	870
731	927
731	929
732	767
732	785
732	867
732	888
732	902
732	904
732	921
732	932
732	957
732	978
732	980
733	370
733	481
733	690
733	692
733	756
733	796
733	846
733	969
733	983
733	984
733	997
734	244
734	253
734	439
734	615
734	880
734	941
734	977
734	986
734	987
734	988
734	996
735	367
735	636
735	675
735	807
735	857
735	866
735	897
735	911
735	937
735	938
735	946
736	86
736	207
736	509
736	758
736	828
736	880
736	926
736	934
736	941
736	977
736	986
737	169
737	520
737	637
737	724
737	835
737	849
737	947
737	955
737	976
737	989
737	995
738	536
738	650
738	726
738	783
738	829
738	834
738	839
738	855
738	892
738	901
738	922
739	363
739	402
739	695
739	845
739	857
739	866
739	911
739	915
739	937
739	991
739	992
740	327
740	424
740	574
740	757
740	762
740	848
740	854
740	876
740	900
740	950
740	953
741	136
741	378
741	518
741	583
741	685
741	837
741	853
741	912
741	968
741	985
741	998
742	142
742	334
742	379
742	668
742	673
742	744
742	772
742	863
742	871
742	917
742	939
743	313
743	421
743	548
743	606
743	618
743	728
743	765
743	942
743	961
743	962
743	974
744	299
744	307
744	360
744	428
744	627
744	699
744	742
744	772
744	863
744	917
744	939
745	522
745	593
745	823
745	843
745	916
745	926
745	941
745	986
745	987
745	988
745	996
746	57
746	232
746	299
746	376
746	401
746	627
746	699
746	778
746	863
746	917
746	939
747	95
747	97
747	305
747	545
747	594
747	607
747	659
747	731
747	870
747	927
747	929
748	3
748	33
748	147
748	790
748	881
748	930
748	936
748	940
748	951
748	964
748	981
749	20
749	537
749	644
749	660
749	723
749	789
749	816
749	933
749	945
749	948
749	959
750	61
750	406
750	526
750	528
750	557
750	603
750	609
750	787
750	812
750	887
750	894
751	268
751	443
751	769
751	806
751	842
751	930
751	936
751	940
751	951
751	964
751	981
752	294
752	308
752	358
752	384
752	419
752	506
752	630
752	703
752	715
752	826
752	913
753	14
753	350
753	430
753	538
753	644
753	789
753	816
753	933
753	945
753	948
753	959
754	542
754	617
754	698
754	797
754	822
754	850
754	899
754	906
754	931
754	983
754	984
754	997
755	30
755	68
755	161
755	369
755	517
755	618
755	653
755	712
755	794
755	961
755	971
755	974
756	105
756	231
756	321
756	336
756	733
756	886
756	899
756	906
756	954
756	970
756	984
756	997
757	23
757	109
757	411
757	740
757	761
757	762
757	848
757	869
757	876
757	900
757	950
757	953
758	175
758	244
758	408
758	605
758	736
758	770
758	820
758	880
758	919
758	923
758	941
758	986
759	322
759	503
759	591
759	669
759	814
759	873
759	955
759	960
759	975
759	976
759	989
759	995
760	76
760	285
760	315
760	387
760	395
760	450
760	510
760	705
760	813
760	824
760	893
760	895
761	180
761	757
761	762
761	773
761	848
761	860
761	869
761	876
761	900
761	908
761	950
761	953
762	273
762	424
762	740
762	757
762	761
762	773
762	848
762	854
762	860
762	876
762	908
762	953
763	284
763	427
763	502
763	644
763	723
763	789
763	816
763	933
763	945
763	948
763	959
763	975
764	242
764	313
764	434
764	490
764	722
764	830
764	942
764	961
764	962
764	971
764	974
764	979
765	18
765	49
765	194
765	238
765	256
765	313
765	712
765	720
765	729
765	743
765	949
765	962
766	97
766	213
766	305
766	354
766	545
766	571
766	607
766	731
766	818
766	870
766	927
766	929
767	555
767	558
767	584
767	732
767	785
767	888
767	904
767	921
767	932
767	957
767	978
767	980
768	1
768	59
768	144
768	224
768	348
768	475
768	691
768	799
768	832
768	847
768	858
768	903
769	134
769	704
769	705
769	751
769	806
769	842
769	881
769	930
769	936
769	940
769	951
769	981
770	16
770	456
770	522
770	648
770	697
770	758
770	880
770	926
770	934
770	986
770	987
770	996
771	144
771	229
771	578
771	632
771	654
771	691
771	694
771	819
771	832
771	858
771	903
771	925
772	365
772	376
772	627
772	668
772	673
772	699
772	742
772	744
772	863
772	871
772	917
772	939
773	42
773	180
773	273
773	385
773	717
773	761
773	762
773	854
773	900
773	908
773	950
773	953
774	103
774	315
774	395
774	493
774	510
774	705
774	775
774	776
774	813
774	824
774	893
774	895
775	76
775	103
775	381
775	395
775	493
775	705
775	774
775	776
775	813
775	824
775	893
775	895
776	69
776	95
776	381
776	450
776	510
776	705
776	774
776	775
776	813
776	824
776	893
776	895
777	55
777	221
777	322
777	372
777	461
777	572
777	780
777	840
777	872
777	896
777	910
777	952
778	57
778	281
778	334
778	345
778	401
778	435
778	673
778	746
778	863
778	871
778	917
778	939
779	414
779	552
779	557
779	850
779	883
779	918
779	954
779	966
779	969
779	970
779	984
779	997
780	247
780	388
780	431
780	454
780	721
780	777
780	781
780	885
780	907
780	946
780	952
780	990
781	55
781	243
781	322
781	455
781	531
781	572
781	612
781	682
781	780
781	788
781	896
781	907
782	50
782	590
782	611
782	641
782	679
782	841
782	851
782	891
782	967
782	968
782	985
782	998
783	287
783	338
783	536
783	650
783	726
783	738
783	834
783	839
783	855
783	892
783	901
783	922
784	124
784	190
784	324
784	468
784	535
784	606
784	716
784	827
784	830
784	962
784	971
784	979
785	466
785	645
785	677
785	680
785	732
785	767
785	902
785	904
785	928
785	932
785	957
785	978
785	980
786	112
786	277
786	431
786	665
786	721
786	788
786	836
786	840
786	872
786	910
786	943
786	952
786	972
787	25
787	83
787	249
787	296
787	547
787	559
787	603
787	608
787	646
787	750
787	812
787	887
787	894
788	426
788	472
788	664
788	665
788	781
788	786
788	810
788	836
788	872
788	882
788	907
788	943
788	990
789	492
789	538
789	644
789	660
789	723
789	749
789	753
789	763
789	816
789	933
789	945
789	948
789	959
790	113
790	371
790	399
790	560
790	683
790	748
790	815
790	881
790	930
790	940
790	951
790	964
790	981
791	192
791	324
791	390
791	465
791	497
791	637
791	689
791	811
791	814
791	960
791	975
791	989
791	995
792	164
792	170
792	261
792	269
792	289
792	342
792	467
792	470
792	495
792	508
792	551
792	564
792	809
793	447
793	465
793	482
793	497
793	638
793	724
793	849
793	935
793	947
793	960
793	975
793	989
793	995
794	56
794	260
794	407
794	421
794	434
794	714
794	716
794	722
794	755
794	942
794	949
794	963
794	971
795	104
795	137
795	321
795	598
795	844
795	877
795	906
795	918
795	954
795	966
795	970
795	984
795	997
796	567
796	696
796	733
796	797
796	844
796	877
796	886
796	899
796	931
796	969
796	970
796	983
796	997
797	141
797	231
797	417
797	458
797	481
797	754
797	796
797	846
797	883
797	918
797	931
797	969
797	997
798	158
798	325
798	586
798	592
798	599
798	861
798	864
798	875
798	909
798	937
798	938
798	944
798	992
799	59
799	364
799	527
799	578
799	622
799	632
799	691
799	768
799	819
799	832
799	847
799	903
799	925
800	17
800	90
800	112
800	277
800	416
800	454
800	665
800	682
800	727
800	885
800	907
800	943
800	990
801	391
801	534
801	595
801	597
801	868
801	889
801	905
801	924
801	958
801	965
801	982
801	993
801	994
802	233
802	341
802	505
802	591
802	638
802	817
802	835
802	947
802	955
802	960
802	975
802	989
802	995
803	38
803	274
803	286
803	294
803	323
803	444
803	630
803	711
803	826
803	874
803	944
803	956
803	973
804	234
804	619
804	687
804	831
804	905
804	914
804	924
804	958
804	965
804	970
804	982
804	993
804	994
805	94
805	179
805	388
805	461
805	511
805	532
805	549
805	579
805	810
805	836
805	907
805	910
805	946
805	972
806	335
806	399
806	511
806	560
806	674
806	751
806	769
806	815
806	881
806	930
806	936
806	951
806	964
806	981
807	35
807	219
807	514
807	666
807	718
807	725
807	735
807	864
807	884
807	897
807	915
807	937
807	991
807	992
808	112
808	182
808	322
808	357
808	403
808	489
808	682
808	719
808	872
808	885
808	896
808	907
808	943
808	972
809	62
809	118
809	261
809	269
809	317
809	339
809	342
809	432
809	467
809	470
809	495
809	551
809	564
809	792
810	247
810	254
810	403
810	431
810	549
810	561
810	589
810	612
810	788
810	805
810	910
810	943
810	946
810	952
811	220
811	436
811	459
811	482
811	582
811	791
811	920
811	935
811	947
811	955
811	960
811	976
811	989
811	995
812	19
812	140
812	248
812	296
812	526
812	528
812	557
812	603
812	608
812	646
812	750
812	787
812	887
812	894
813	69
813	297
813	381
813	387
813	493
813	510
813	705
813	760
813	774
813	775
813	776
813	824
813	893
813	895
814	169
814	459
814	520
814	624
814	724
814	759
814	791
814	817
814	935
814	955
814	960
814	975
814	989
814	995
815	268
815	320
815	386
815	560
815	674
815	683
815	790
815	806
815	881
815	930
815	940
815	951
815	964
815	981
816	350
816	427
816	492
816	538
816	644
816	723
816	749
816	753
816	763
816	789
816	933
816	945
816	948
816	959
817	241
817	318
817	390
817	447
817	505
817	669
817	802
817	814
817	947
817	955
817	960
817	975
817	989
817	995
818	93
818	213
818	533
818	545
818	554
818	571
818	585
818	586
818	635
818	659
818	766
818	870
818	927
818	929
819	98
819	475
819	477
819	498
819	527
819	578
819	622
819	771
819	799
819	832
819	847
819	858
819	903
819	925
820	37
820	346
820	422
820	619
820	710
820	758
820	889
820	905
820	914
820	924
820	958
820	965
820	982
820	994
821	7
821	152
821	283
821	310
821	516
821	539
821	648
821	878
821	934
821	977
821	987
821	988
821	996
821	999
822	81
822	104
822	417
822	458
822	546
822	640
822	692
822	698
822	754
822	858
822	918
822	954
822	984
822	997
823	9
823	18
823	605
823	621
823	655
823	661
823	745
823	934
823	941
823	977
823	987
823	988
823	996
823	999
824	74
824	285
824	297
824	315
824	387
824	395
824	450
824	705
824	760
824	774
824	775
824	776
824	813
824	893
824	895
825	79
825	206
825	501
825	504
825	570
825	577
825	685
825	837
825	838
825	853
825	865
825	898
825	912
825	967
825	998
826	38
826	294
826	308
826	419
826	444
826	462
826	513
826	630
826	700
826	711
826	752
826	803
826	874
826	956
826	973
827	47
827	67
827	222
827	352
827	563
827	642
827	714
827	784
827	830
827	949
827	962
827	963
827	971
827	974
827	979
828	18
828	43
828	150
828	264
828	300
828	587
828	697
828	736
828	880
828	923
828	926
828	977
828	986
828	988
828	996
829	304
829	329
829	338
829	536
829	565
829	631
829	650
829	726
829	738
829	834
829	839
829	855
829	892
829	901
829	922
830	11
830	21
830	256
830	397
830	407
830	588
830	606
830	626
830	714
830	722
830	764
830	784
830	827
830	859
830	974
831	580
831	619
831	649
831	670
831	711
831	804
831	889
831	905
831	914
831	924
831	958
831	965
831	982
831	993
831	994
832	475
832	477
832	485
832	498
832	596
832	654
832	691
832	694
832	768
832	771
832	799
832	819
832	847
832	858
832	925
833	310
833	343
833	487
833	655
833	701
833	878
833	880
833	919
833	923
833	926
833	934
833	986
833	987
833	996
833	999
834	5
834	304
834	338
834	488
834	553
834	650
834	726
834	738
834	783
834	829
834	839
834	855
834	892
834	901
834	922
835	205
835	340
835	438
835	440
835	591
835	724
835	737
835	802
835	849
835	947
835	955
835	960
835	975
835	976
835	995
836	139
836	247
836	418
836	540
836	579
836	727
836	786
836	788
836	805
836	885
836	910
836	946
836	952
836	972
836	990
837	51
837	521
837	643
837	662
837	679
837	741
837	825
837	851
837	852
837	865
837	891
837	912
837	967
837	968
837	985
838	108
838	187
838	189
838	228
838	448
838	521
838	568
838	583
838	641
838	651
838	825
838	841
838	851
838	891
838	968
838	985
839	10
839	276
839	329
839	338
839	488
839	553
839	565
839	726
839	738
839	783
839	829
839	834
839	855
839	892
839	901
839	922
840	94
840	349
840	366
840	469
840	473
840	512
840	540
840	678
840	719
840	777
840	786
840	885
840	907
840	943
840	952
840	990
841	73
841	122
841	178
841	278
841	423
841	544
841	568
841	570
841	782
841	838
841	851
841	853
841	912
841	967
841	968
841	998
842	63
842	160
842	218
842	335
842	383
842	386
842	452
842	674
842	704
842	751
842	769
842	930
842	940
842	951
842	964
842	981
843	343
843	384
843	516
843	587
843	615
843	621
843	745
843	916
843	926
843	941
843	979
843	986
843	987
843	988
843	996
843	999
844	331
844	417
844	428
844	458
844	552
844	598
844	702
844	795
844	796
844	850
844	899
844	931
844	969
844	970
844	983
844	997
845	262
845	319
845	433
845	507
845	634
845	686
845	739
845	861
845	866
845	879
845	890
845	937
845	938
845	991
845	992
845	1000
846	121
846	196
846	211
846	458
846	692
846	733
846	797
846	877
846	899
846	906
846	931
846	954
846	966
846	969
846	983
846	997
847	98
847	229
847	475
847	485
847	527
847	578
847	596
847	622
847	654
847	768
847	799
847	819
847	832
847	858
847	903
847	925
848	180
848	273
848	471
848	573
848	740
848	757
848	761
848	762
848	854
848	860
848	869
848	876
848	900
848	908
848	950
848	953
849	259
849	496
849	520
849	637
849	737
849	793
849	835
849	920
849	935
849	947
849	955
849	960
849	975
849	976
849	989
849	995
850	331
850	348
850	362
850	453
850	524
850	690
850	709
850	754
850	779
850	844
850	931
850	969
850	970
850	983
850	984
850	997
851	330
851	378
851	389
851	570
851	602
851	782
851	837
851	838
851	841
851	865
851	891
851	967
851	968
851	980
851	985
851	998
852	128
852	197
852	544
852	583
852	623
852	628
852	662
852	688
852	706
852	837
852	865
852	891
852	898
852	967
852	968
852	998
853	159
853	216
853	448
853	501
853	518
853	611
853	643
853	697
853	741
853	825
853	841
853	865
853	891
853	967
853	968
853	998
854	471
854	525
854	573
854	574
854	717
854	740
854	762
854	773
854	848
854	860
854	869
854	876
854	900
854	908
854	950
854	953
855	117
855	186
855	304
855	329
855	536
855	565
855	650
855	726
855	738
855	783
855	829
855	834
855	839
855	892
855	901
855	922
856	31
856	100
856	110
856	111
856	274
856	286
856	375
856	437
856	613
856	630
856	700
856	711
856	715
856	874
856	956
856	973
857	398
857	515
857	586
857	616
857	636
857	652
857	735
857	739
857	861
857	864
857	897
857	937
857	938
857	944
857	991
857	992
857	1000
858	98
858	224
858	229
858	364
858	477
858	527
858	596
858	622
858	694
858	768
858	771
858	819
858	822
858	832
858	847
858	903
858	925
859	222
859	260
859	267
859	397
859	530
859	535
859	548
859	563
859	606
859	618
859	629
859	830
859	942
859	949
859	961
859	974
859	979
860	109
860	131
860	361
860	411
860	471
860	484
860	525
860	761
860	762
860	848
860	854
860	869
860	876
860	900
860	908
860	950
860	953
861	240
861	433
861	599
861	616
861	652
861	798
861	845
861	857
861	890
861	897
861	909
861	938
861	944
861	954
861	991
861	992
861	1000
862	93
862	95
862	97
862	347
862	400
862	441
862	494
862	533
862	545
862	554
862	571
862	594
862	659
862	671
862	870
862	927
862	929
863	281
863	307
863	360
863	379
863	380
863	428
863	435
863	627
863	673
863	742
863	744
863	746
863	772
863	778
863	871
863	917
863	939
864	412
864	480
864	483
864	601
864	663
864	666
864	681
864	686
864	725
864	798
864	807
864	857
864	866
864	884
864	909
864	915
864	1000
865	66
865	79
865	463
865	518
865	590
865	643
865	695
865	825
865	837
865	851
865	852
865	853
865	891
865	898
865	968
865	985
865	998
866	60
866	392
866	415
866	433
866	604
866	634
866	675
866	735
866	739
866	845
866	864
866	897
866	909
866	911
866	991
866	992
866	1000
867	200
867	288
867	442
867	569
867	620
867	707
867	708
867	732
867	888
867	902
867	904
867	921
867	928
867	932
867	957
867	978
867	980
868	119
868	543
868	580
868	597
868	649
868	670
868	687
868	801
868	889
868	905
868	914
868	924
868	958
868	965
868	982
868	993
868	994
869	326
869	327
869	385
869	411
869	484
869	525
869	574
869	757
869	761
869	848
869	854
869	860
869	876
869	900
869	908
869	950
869	953
870	93
870	129
870	305
870	347
870	356
870	400
870	533
870	554
870	585
870	607
870	671
870	731
870	747
870	766
870	818
870	862
870	927
870	929
871	142
871	271
871	281
871	291
871	299
871	345
871	360
871	376
871	401
871	428
871	561
871	668
871	742
871	772
871	778
871	863
871	917
871	939
872	251
872	277
872	403
872	464
872	469
872	473
872	665
872	667
872	678
872	777
872	786
872	788
872	808
872	885
872	943
872	946
872	952
872	990
873	220
873	259
873	340
873	344
873	393
873	497
873	503
873	689
873	724
873	759
873	920
873	935
873	947
873	955
873	975
873	976
873	989
873	995
874	156
874	293
874	316
874	353
874	358
874	462
874	506
874	513
874	576
874	700
874	703
874	711
874	715
874	803
874	826
874	856
874	956
874	973
875	163
875	219
875	402
875	446
875	480
875	500
875	507
875	666
875	675
875	679
875	681
875	798
875	884
875	890
875	915
875	937
875	938
875	991
876	42
876	411
876	424
876	573
876	574
876	717
876	740
876	757
876	761
876	762
876	848
876	854
876	860
876	869
876	900
876	908
876	950
876	953
877	72
877	168
877	333
877	348
877	404
877	550
877	684
877	692
877	702
877	795
877	796
877	846
877	906
877	918
877	931
877	969
877	983
877	997
878	36
878	40
878	392
878	429
878	625
878	661
878	821
878	833
878	880
878	923
878	926
878	934
878	941
878	977
878	986
878	987
878	988
878	996
879	172
879	240
879	507
879	515
879	601
879	604
879	646
879	675
879	686
879	845
879	890
879	897
879	911
879	915
879	937
879	991
879	992
879	1000
880	53
880	64
880	209
880	212
880	734
880	736
880	758
880	770
880	828
880	833
880	878
880	919
880	923
880	986
880	987
880	988
880	996
880	999
881	147
881	359
881	383
881	399
881	674
881	730
881	748
881	769
881	790
881	806
881	815
881	885
881	930
881	936
881	940
881	951
881	964
881	981
882	55
882	90
882	254
882	258
882	431
882	457
882	461
882	589
882	664
882	682
882	719
882	727
882	788
882	907
882	910
882	943
882	946
882	952
883	188
883	321
883	333
883	362
883	370
883	404
883	417
883	546
883	566
883	614
883	631
883	640
883	779
883	797
883	918
883	931
883	966
883	970
883	997
884	60
884	191
884	240
884	446
884	483
884	586
884	633
884	686
884	695
884	725
884	807
884	864
884	875
884	890
884	909
884	938
884	944
884	991
884	992
885	182
885	221
885	243
885	489
885	531
885	665
885	667
885	719
885	780
885	800
885	808
885	836
885	840
885	872
885	881
885	896
885	910
885	943
885	990
886	121
886	183
886	272
886	337
886	449
886	567
886	690
886	756
886	796
886	906
886	918
886	931
886	954
886	966
886	969
886	970
886	983
886	984
886	997
887	19
887	25
887	52
887	61
887	140
887	193
887	296
887	528
887	547
887	557
887	559
887	603
887	608
887	609
887	646
887	750
887	787
887	812
887	894
888	92
888	377
888	555
888	575
888	584
888	645
888	677
888	680
888	732
888	767
888	867
888	902
888	904
888	921
888	928
888	932
888	957
888	978
888	980
889	543
889	580
889	600
889	619
889	649
889	670
889	710
889	801
889	820
889	831
889	868
889	905
889	914
889	924
889	958
889	965
889	982
889	993
889	994
890	102
890	158
890	240
890	402
890	586
890	601
890	663
890	725
890	845
890	861
890	875
890	879
890	884
890	915
890	937
890	938
890	991
890	992
890	1000
891	45
891	51
891	73
891	270
891	501
891	657
891	662
891	679
891	685
891	782
891	837
891	838
891	851
891	852
891	853
891	865
891	967
891	968
891	985
892	5
892	10
892	117
892	186
892	276
892	488
892	536
892	553
892	565
892	650
892	726
892	738
892	783
892	829
892	834
892	839
892	855
892	901
892	922
893	69
893	74
893	76
893	103
893	297
893	315
893	387
893	395
893	450
893	493
893	705
893	760
893	774
893	775
893	776
893	813
893	824
893	895
893	998
894	19
894	61
894	83
894	140
894	193
894	249
894	296
894	406
894	526
894	528
894	547
894	603
894	608
894	609
894	646
894	750
894	787
894	812
894	887
895	69
895	74
895	76
895	285
895	297
895	315
895	381
895	387
895	395
895	450
895	493
895	510
895	705
895	760
895	774
895	775
895	776
895	813
895	824
895	893
896	254
896	464
896	466
896	473
896	531
896	532
896	541
896	556
896	561
896	572
896	678
896	777
896	781
896	808
896	885
896	907
896	943
896	946
896	952
896	990
897	158
897	219
897	252
897	402
897	412
897	500
897	633
897	634
897	735
897	807
897	857
897	861
897	866
897	879
897	911
897	937
897	944
897	991
897	992
897	1000
898	24
898	215
898	223
898	270
898	368
898	479
898	623
898	641
898	643
898	651
898	662
898	685
898	688
898	825
898	852
898	865
898	912
898	967
898	968
898	998
899	81
899	183
899	255
899	301
899	321
899	631
899	640
899	690
899	692
899	754
899	756
899	796
899	844
899	846
899	918
899	931
899	966
899	969
899	970
899	984
900	131
900	306
900	326
900	385
900	525
900	573
900	574
900	717
900	740
900	757
900	761
900	773
900	848
900	854
900	860
900	869
900	876
900	908
900	950
900	953
901	5
901	10
901	117
901	173
901	186
901	287
901	304
901	488
901	536
901	553
901	650
901	726
901	738
901	783
901	829
901	834
901	839
901	855
901	892
901	922
902	200
902	288
902	442
902	523
902	555
902	677
902	680
902	707
902	708
902	732
902	785
902	867
902	888
902	904
902	921
902	928
902	932
902	957
902	978
902	980
903	143
903	224
903	364
903	485
903	498
903	527
903	578
903	596
903	622
903	632
903	654
903	691
903	694
903	768
903	771
903	799
903	819
903	847
903	858
903	925
904	141
904	288
904	523
904	558
904	569
904	575
904	645
904	677
904	707
904	732
904	767
904	785
904	867
904	888
904	902
904	921
904	928
904	932
904	957
904	978
904	980
905	116
905	290
905	391
905	405
905	580
905	595
905	619
905	670
905	801
905	804
905	820
905	831
905	868
905	889
905	924
905	958
905	965
905	982
905	990
905	993
905	994
906	39
906	47
906	137
906	257
906	546
906	552
906	592
906	631
906	639
906	640
906	684
906	754
906	756
906	795
906	846
906	877
906	886
906	918
906	969
906	984
906	997
907	17
907	251
907	254
907	461
907	464
907	512
907	540
907	610
907	664
907	721
907	780
907	781
907	788
907	800
907	805
907	808
907	840
907	882
907	896
907	972
907	990
908	23
908	273
908	327
908	361
908	471
908	525
908	573
908	574
908	717
908	761
908	762
908	773
908	848
908	854
908	860
908	869
908	876
908	900
908	950
908	953
908	983
909	102
909	115
909	195
909	252
909	363
909	412
909	415
909	515
909	599
909	633
909	675
909	681
909	798
909	861
909	864
909	866
909	884
909	915
909	937
909	944
909	991
910	120
910	251
910	258
910	426
910	451
910	532
910	589
910	612
910	664
910	678
910	721
910	777
910	786
910	805
910	810
910	836
910	882
910	885
910	943
910	946
910	990
911	99
911	158
911	236
911	262
911	266
911	442
911	586
911	599
911	652
911	663
911	676
911	681
911	695
911	718
911	735
911	739
911	866
911	879
911	897
911	991
911	992
911	1000
912	2
912	106
912	122
912	215
912	448
912	501
912	504
912	583
912	590
912	602
912	643
912	657
912	662
912	741
912	825
912	837
912	841
912	898
912	967
912	968
912	985
912	998
913	27
913	130
913	176
913	293
913	294
913	302
913	323
913	353
913	358
913	375
913	419
913	425
913	437
913	444
913	491
913	513
913	630
913	700
913	703
913	711
913	752
913	956
914	65
914	346
914	486
914	534
914	595
914	597
914	600
914	649
914	670
914	687
914	710
914	804
914	820
914	831
914	868
914	889
914	924
914	958
914	965
914	982
914	993
914	994
915	262
915	325
915	373
915	500
915	601
915	604
915	633
915	634
915	666
915	718
915	739
915	807
915	864
915	875
915	879
915	890
915	909
915	938
915	945
915	991
915	992
915	1000
916	123
916	202
916	253
916	314
916	343
916	429
916	456
916	516
916	655
916	661
916	745
916	843
916	923
916	926
916	934
916	941
916	977
916	986
916	987
916	988
916	996
916	999
917	142
917	232
917	291
917	299
917	334
917	360
917	376
917	401
917	428
917	435
917	627
917	668
917	673
917	699
917	742
917	744
917	746
917	772
917	778
917	863
917	871
917	939
918	188
918	196
918	272
918	542
918	566
918	614
918	702
918	779
918	795
918	797
918	822
918	877
918	883
918	886
918	899
918	906
918	966
918	969
918	970
918	983
918	984
918	997
919	12
919	26
919	207
919	209
919	264
919	410
919	456
919	562
919	587
919	593
919	621
919	758
919	833
919	880
919	926
919	934
919	941
919	977
919	987
919	988
919	996
919	999
920	101
920	127
920	174
920	192
920	436
920	440
920	459
920	503
920	624
920	638
920	669
920	724
920	811
920	849
920	873
920	935
920	947
920	960
920	975
920	976
920	989
920	995
921	132
921	149
921	181
921	282
921	558
921	575
921	584
921	620
921	645
921	680
921	707
921	708
921	732
921	767
921	867
921	888
921	902
921	904
921	928
921	932
921	978
921	980
922	10
922	117
922	173
922	186
922	276
922	287
922	304
922	329
922	338
922	488
922	536
922	553
922	565
922	650
922	726
922	738
922	783
922	829
922	834
922	839
922	855
922	892
922	901
923	53
923	64
923	264
923	311
923	392
923	439
923	444
923	661
923	701
923	758
923	828
923	833
923	878
923	880
923	916
923	926
923	934
923	977
923	986
923	987
923	988
923	996
923	999
924	88
924	107
924	166
924	235
924	298
924	422
924	486
924	543
924	600
924	710
924	801
924	804
924	820
924	831
924	868
924	889
924	905
924	914
924	933
924	958
924	982
924	993
924	994
925	1
925	143
925	144
925	224
925	229
925	364
925	475
925	477
925	485
925	498
925	578
925	596
925	622
925	632
925	654
925	691
925	694
925	771
925	799
925	819
925	832
925	847
925	858
925	903
926	26
926	36
926	314
926	456
926	487
926	562
926	593
926	625
926	697
926	736
926	745
926	770
926	828
926	833
926	843
926	878
926	916
926	919
926	923
926	941
926	977
926	986
926	988
926	999
927	114
927	204
927	237
927	305
927	347
927	354
927	356
927	400
927	441
927	483
927	494
927	545
927	571
927	594
927	607
927	635
927	671
927	731
927	747
927	766
927	818
927	862
927	870
927	929
928	29
928	155
928	181
928	288
928	523
928	558
928	569
928	575
928	584
928	620
928	645
928	680
928	707
928	708
928	785
928	867
928	888
928	902
928	904
928	921
928	932
928	957
928	978
928	980
929	93
929	95
929	97
929	114
929	129
929	204
929	213
929	237
929	347
929	354
929	356
929	400
929	545
929	554
929	585
929	594
929	659
929	671
929	731
929	747
929	766
929	818
929	862
929	870
929	927
930	292
930	306
930	320
930	335
930	359
930	371
930	511
930	531
930	560
930	674
930	683
930	704
930	748
930	751
930	769
930	790
930	806
930	815
930	842
930	881
930	936
930	940
930	951
930	964
930	981
931	105
931	246
931	331
931	333
931	449
931	453
931	567
931	656
931	684
931	698
931	754
931	796
931	797
931	844
931	846
931	850
931	877
931	883
931	886
931	899
931	969
931	970
931	983
931	984
931	997
932	200
932	282
932	466
932	523
932	555
932	558
932	569
932	575
932	620
932	677
932	680
932	707
932	708
932	732
932	767
932	785
932	867
932	888
932	902
932	904
932	921
932	928
932	957
932	978
932	980
933	13
933	14
933	15
933	20
933	279
933	284
933	312
933	374
933	382
933	430
933	492
933	502
933	537
933	538
933	660
933	723
933	749
933	753
933	763
933	789
933	816
933	924
933	945
933	948
933	959
934	7
934	152
934	328
934	429
934	509
934	587
934	648
934	697
934	736
934	770
934	821
934	823
934	833
934	878
934	916
934	919
934	923
934	941
934	949
934	977
934	986
934	987
934	988
934	996
934	999
935	101
935	127
935	436
935	440
935	459
935	482
935	497
935	503
935	505
935	542
935	637
935	638
935	689
935	793
935	811
935	814
935	849
935	873
935	920
935	947
935	960
935	975
935	976
935	989
935	995
936	29
936	54
936	70
936	113
936	134
936	218
936	320
936	359
936	399
936	443
936	452
936	511
936	683
936	704
936	730
936	748
936	751
936	769
936	806
936	881
936	930
936	940
936	951
936	964
936	981
937	398
937	483
937	500
937	515
937	616
937	634
937	652
937	676
937	695
937	735
937	739
937	798
937	807
937	845
937	857
937	875
937	879
937	890
937	897
937	909
937	938
937	944
937	991
937	992
937	1000
938	71
938	171
938	319
938	325
938	398
938	415
938	433
938	514
938	663
938	666
938	676
938	725
938	735
938	798
938	845
938	857
938	861
938	875
938	884
938	890
938	915
938	937
938	991
938	992
938	1000
939	138
939	142
939	232
939	271
939	307
939	334
939	345
939	360
939	365
939	376
939	379
939	401
939	428
939	501
939	627
939	668
939	673
939	699
939	742
939	744
939	746
939	772
939	778
939	863
939	871
939	917
940	33
940	54
940	70
940	84
940	292
940	306
940	359
940	383
940	443
940	452
940	511
940	683
940	704
940	730
940	748
940	751
940	769
940	790
940	815
940	842
940	881
940	930
940	936
940	951
940	964
940	981
941	26
941	64
941	150
941	283
941	562
941	593
941	615
941	625
941	655
941	701
941	734
941	736
941	745
941	758
941	823
941	843
941	878
941	916
941	919
941	926
941	934
941	977
941	987
941	988
941	996
941	999
942	58
942	217
942	238
942	265
942	275
942	303
942	332
942	369
942	397
942	420
942	490
942	548
942	626
942	658
942	709
942	716
942	720
942	722
942	743
942	764
942	794
942	859
942	961
942	963
942	974
942	979
943	221
943	243
943	258
943	431
943	460
943	473
943	531
943	549
943	556
943	579
943	667
943	682
943	786
943	788
943	800
943	808
943	810
943	840
943	872
943	882
943	885
943	896
943	910
943	952
943	972
943	984
944	71
944	239
944	266
944	373
944	402
944	412
944	507
944	586
944	599
944	604
944	633
944	675
944	676
944	695
944	718
944	798
944	803
944	857
944	861
944	884
944	897
944	909
944	937
944	991
944	992
944	1000
945	15
945	151
945	154
945	279
945	284
945	312
945	350
945	374
945	382
945	427
945	478
945	492
945	502
945	537
945	538
945	644
945	660
945	723
945	749
945	753
945	763
945	789
945	816
945	915
945	933
945	959
946	94
946	139
946	254
946	258
946	357
946	388
946	418
946	426
946	451
946	455
946	489
946	541
946	549
946	664
946	719
946	735
946	780
946	805
946	810
946	836
946	872
946	882
946	896
946	910
946	972
946	990
947	157
947	174
947	192
947	318
947	436
947	482
947	505
947	520
947	529
947	591
947	689
947	737
947	793
947	802
947	811
947	817
947	835
947	849
947	873
947	920
947	935
947	955
947	960
947	975
947	976
947	989
947	995
948	13
948	14
948	15
948	20
948	154
948	279
948	284
948	312
948	350
948	374
948	382
948	427
948	430
948	478
948	502
948	537
948	538
948	644
948	660
948	723
948	749
948	753
948	763
948	789
948	816
948	933
948	959
949	21
949	56
949	199
949	222
949	230
949	313
949	409
949	490
949	499
949	530
949	535
949	581
949	693
949	713
949	716
949	722
949	729
949	765
949	794
949	827
949	859
949	934
949	961
949	963
949	971
949	974
949	979
950	23
950	42
950	109
950	131
950	180
950	273
950	326
950	327
950	361
950	385
950	411
950	471
950	484
950	525
950	574
950	717
950	740
950	757
950	761
950	773
950	848
950	854
950	860
950	869
950	876
950	900
950	908
950	953
951	33
951	113
951	153
951	218
951	292
951	306
951	320
951	371
951	386
951	443
951	560
951	674
951	704
951	730
951	748
951	751
951	769
951	790
951	806
951	815
951	842
951	881
951	930
951	936
951	940
951	964
951	981
951	988
952	85
952	165
952	221
952	250
952	275
952	416
952	451
952	454
952	473
952	476
952	556
952	572
952	682
952	719
952	721
952	727
952	777
952	780
952	786
952	810
952	836
952	840
952	872
952	882
952	896
952	943
952	972
952	990
953	23
953	42
953	109
953	131
953	326
953	327
953	361
953	385
953	411
953	424
953	471
953	484
953	525
953	573
953	574
953	740
953	757
953	761
953	762
953	773
953	848
953	854
953	860
953	869
953	876
953	900
953	908
953	950
954	105
954	255
954	257
954	272
954	301
954	362
954	404
954	417
954	449
954	453
954	481
954	524
954	631
954	639
954	690
954	696
954	702
954	756
954	779
954	795
954	822
954	846
954	861
954	886
954	966
954	970
954	983
954	984
954	997
955	148
955	169
955	220
955	233
955	259
955	295
955	341
955	390
955	447
955	465
955	496
955	529
955	637
955	669
955	689
955	737
955	759
955	802
955	811
955	814
955	817
955	835
955	849
955	873
955	947
955	960
955	975
955	976
955	989
955	995
956	31
956	75
956	91
956	110
956	111
956	130
956	156
956	263
956	295
956	302
956	308
956	316
956	419
956	425
956	444
956	506
956	513
956	576
956	613
956	700
956	703
956	711
956	715
956	803
956	826
956	856
956	874
956	913
956	973
956	1000
957	77
957	92
957	141
957	149
957	181
957	184
957	198
957	377
957	466
957	523
957	575
957	584
957	620
957	645
957	677
957	680
957	707
957	708
957	732
957	767
957	785
957	867
957	888
957	902
957	904
957	928
957	932
957	978
957	980
957	996
958	22
958	37
958	48
958	225
958	235
958	280
958	298
958	391
958	445
958	526
958	543
958	580
958	595
958	600
958	619
958	649
958	687
958	710
958	801
958	804
958	820
958	831
958	868
958	889
958	905
958	914
958	924
958	965
958	982
958	993
958	994
959	13
959	14
959	15
959	20
959	151
959	154
959	279
959	284
959	312
959	350
959	374
959	382
959	427
959	430
959	478
959	492
959	502
959	537
959	538
959	644
959	660
959	723
959	749
959	753
959	763
959	789
959	816
959	933
959	945
959	948
959	999
960	4
960	148
960	157
960	259
960	318
960	393
960	459
960	465
960	482
960	496
960	591
960	624
960	689
960	759
960	791
960	793
960	802
960	811
960	814
960	817
960	835
960	849
960	920
960	935
960	947
960	955
960	975
960	976
960	989
960	992
960	995
961	30
961	58
961	82
961	124
961	185
961	227
961	303
961	407
961	420
961	468
961	517
961	588
961	618
961	653
961	658
961	712
961	713
961	714
961	716
961	728
961	729
961	743
961	755
961	764
961	859
961	942
961	949
961	962
961	963
961	971
961	974
961	979
962	21
962	96
962	125
962	185
962	227
962	248
962	324
962	332
962	397
962	409
962	468
962	499
962	563
962	581
962	588
962	618
962	626
962	653
962	712
962	714
962	720
962	722
962	728
962	743
962	764
962	765
962	784
962	827
962	961
962	963
962	971
962	974
963	46
963	89
963	124
963	133
963	203
963	222
963	230
963	303
963	324
963	332
963	413
963	420
963	421
963	499
963	517
963	629
963	642
963	658
963	709
963	712
963	713
963	714
963	729
963	794
963	827
963	942
963	949
963	961
963	962
963	971
963	974
963	979
964	54
964	63
964	70
964	134
964	147
964	153
964	160
964	268
964	292
964	306
964	371
964	383
964	399
964	443
964	452
964	511
964	674
964	683
964	704
964	730
964	748
964	751
964	790
964	806
964	815
964	842
964	881
964	930
964	936
964	940
964	951
964	981
965	44
965	48
965	119
965	162
965	166
965	210
965	280
965	290
965	391
965	405
965	422
965	445
965	486
965	534
965	595
965	597
965	600
965	670
965	687
965	706
965	801
965	804
965	820
965	831
965	868
965	889
965	905
965	914
965	958
965	982
965	993
965	994
966	137
966	183
966	196
966	211
966	272
966	321
966	351
966	404
966	417
966	445
966	524
966	552
966	614
966	617
966	631
966	639
966	656
966	684
966	692
966	779
966	795
966	846
966	883
966	886
966	899
966	918
966	954
966	969
966	970
966	983
966	984
966	997
967	24
967	73
967	126
967	135
967	215
967	228
967	270
967	378
967	463
967	474
967	504
967	521
967	568
967	590
967	641
967	643
967	662
967	672
967	688
967	706
967	782
967	825
967	837
967	841
967	851
967	852
967	853
967	891
967	898
967	912
967	968
967	985
967	998
968	51
968	136
968	159
968	206
968	223
968	270
968	278
968	330
968	389
968	504
968	521
968	568
968	577
968	590
968	623
968	672
968	679
968	685
968	688
968	741
968	782
968	837
968	838
968	841
968	851
968	852
968	853
968	865
968	891
968	898
968	912
968	967
968	985
969	257
969	336
969	370
969	453
969	509
969	519
969	524
969	542
969	567
969	592
969	598
969	614
969	684
969	690
969	696
969	698
969	702
969	733
969	779
969	796
969	797
969	844
969	846
969	850
969	877
969	886
969	899
969	906
969	918
969	931
969	966
969	983
969	984
969	997
970	47
970	211
970	257
970	272
970	337
970	370
970	453
970	458
970	546
970	550
970	614
970	617
970	640
970	656
970	684
970	690
970	696
970	702
970	756
970	779
970	795
970	796
970	804
970	844
970	850
970	883
970	886
970	899
970	918
970	931
970	954
970	966
970	983
970	984
971	56
971	125
971	133
971	185
971	203
971	236
971	242
971	256
971	265
971	352
971	396
971	490
971	499
971	530
971	548
971	563
971	618
971	626
971	629
971	642
971	658
971	709
971	728
971	755
971	764
971	784
971	794
971	827
971	949
971	961
971	962
971	963
971	974
971	979
972	17
972	55
972	120
972	165
972	247
972	277
972	366
972	403
972	416
972	418
972	426
972	454
972	455
972	464
972	469
972	472
972	473
972	489
972	549
972	556
972	560
972	572
972	579
972	589
972	612
972	667
972	786
972	805
972	808
972	836
972	907
972	943
972	946
972	952
973	27
973	75
973	91
973	100
973	110
973	111
973	176
973	263
973	274
973	293
973	295
973	302
973	309
973	316
973	323
973	353
973	358
973	375
973	419
973	437
973	491
973	506
973	513
973	548
973	576
973	613
973	630
973	700
973	703
973	715
973	803
973	826
973	856
973	874
973	956
974	46
974	49
974	58
974	194
974	242
974	256
974	265
974	396
974	420
974	535
974	548
974	581
974	618
974	642
974	693
974	709
974	713
974	714
974	716
974	720
974	722
974	728
974	743
974	755
974	764
974	827
974	830
974	859
974	942
974	949
974	961
974	962
974	963
974	971
974	979
975	4
975	6
975	169
975	241
975	259
975	344
975	436
975	438
975	447
975	496
975	505
975	520
975	529
975	591
975	637
975	669
975	689
975	724
975	759
975	763
975	791
975	793
975	802
975	814
975	817
975	835
975	849
975	873
975	920
975	935
975	947
975	955
975	960
975	976
975	989
975	995
976	101
976	127
976	205
976	233
976	241
976	340
976	341
976	344
976	393
976	438
976	465
976	482
976	505
976	520
976	529
976	582
976	591
976	624
976	637
976	638
976	669
976	724
976	737
976	759
976	811
976	835
976	849
976	873
976	920
976	935
976	947
976	955
976	960
976	975
976	989
976	995
977	9
977	86
977	146
977	150
977	152
977	177
977	212
977	253
977	283
977	328
977	343
977	408
977	410
977	509
977	516
977	539
977	587
977	615
977	648
977	661
977	701
977	734
977	736
977	821
977	823
977	828
977	878
977	916
977	919
977	923
977	926
977	934
977	941
977	987
977	988
977	996
977	999
978	29
978	77
978	92
978	132
978	149
978	155
978	184
978	198
978	200
978	282
978	288
978	377
978	442
978	466
978	523
978	555
978	558
978	569
978	575
978	584
978	620
978	645
978	677
978	680
978	707
978	708
978	732
978	767
978	785
978	867
978	888
978	902
978	904
978	921
978	928
978	932
978	957
978	980
979	30
979	68
979	82
979	125
979	161
979	199
979	201
979	227
979	256
979	303
979	352
979	396
979	409
979	413
979	420
979	421
979	490
979	517
979	535
979	563
979	581
979	693
979	709
979	712
979	716
979	728
979	729
979	764
979	784
979	827
979	843
979	859
979	942
979	949
979	961
979	963
979	971
979	974
980	29
980	77
980	92
980	132
980	141
980	149
980	155
980	181
980	184
980	198
980	282
980	377
980	442
980	466
980	523
980	555
980	558
980	569
980	575
980	584
980	620
980	645
980	677
980	680
980	708
980	732
980	767
980	785
980	851
980	867
980	888
980	902
980	904
980	921
980	928
980	932
980	957
980	978
981	3
981	33
981	54
981	63
981	70
981	113
981	134
981	147
981	153
981	160
981	218
981	268
981	292
981	320
981	335
981	346
981	359
981	371
981	383
981	386
981	399
981	443
981	452
981	511
981	560
981	674
981	730
981	748
981	751
981	769
981	790
981	806
981	815
981	842
981	881
981	930
981	936
981	940
981	951
981	964
982	22
982	44
982	65
982	88
982	107
982	116
982	162
982	166
982	210
982	225
982	234
982	280
982	290
982	298
982	391
982	405
982	422
982	423
982	445
982	486
982	534
982	543
982	595
982	597
982	649
982	687
982	710
982	801
982	804
982	820
982	831
982	868
982	889
982	905
982	914
982	924
982	958
982	965
982	993
982	994
983	39
983	41
983	72
983	104
983	121
983	168
983	188
983	211
983	333
983	336
983	337
983	414
983	519
983	542
983	546
983	566
983	592
983	617
983	656
983	684
983	690
983	692
983	696
983	702
983	733
983	754
983	796
983	844
983	846
983	850
983	877
983	886
983	908
983	918
983	931
983	954
983	966
983	969
983	970
983	997
984	32
984	47
984	81
984	104
984	121
984	188
984	246
984	337
984	348
984	351
984	362
984	404
984	453
984	542
984	546
984	592
984	598
984	617
984	639
984	640
984	656
984	690
984	698
984	733
984	754
984	756
984	779
984	795
984	822
984	850
984	886
984	899
984	906
984	918
984	931
984	943
984	954
984	966
984	969
984	970
984	997
985	66
985	87
985	103
985	126
985	135
985	167
985	187
985	189
985	197
985	206
985	216
985	330
985	368
985	389
985	448
985	463
985	504
985	518
985	521
985	544
985	577
985	583
985	602
985	623
985	628
985	641
985	643
985	672
985	679
985	688
985	741
985	782
985	837
985	838
985	851
985	865
985	891
985	912
985	967
985	968
985	998
986	16
986	34
986	43
986	64
986	86
986	98
986	177
986	202
986	209
986	245
986	253
986	314
986	328
986	392
986	408
986	410
986	439
986	456
986	587
986	605
986	625
986	655
986	697
986	701
986	734
986	736
986	745
986	758
986	770
986	828
986	833
986	843
986	878
986	880
986	916
986	923
986	926
986	934
986	988
986	996
986	999
987	7
987	12
987	16
987	40
987	50
987	146
987	150
987	202
987	244
987	300
987	310
987	384
987	410
987	429
987	487
987	509
987	522
987	539
987	587
987	615
987	625
987	648
987	655
987	734
987	745
987	770
987	821
987	823
987	833
987	843
987	878
987	880
987	916
987	919
987	923
987	934
987	941
987	977
987	988
987	996
987	999
988	7
988	16
988	34
988	53
988	80
988	86
988	202
988	245
988	300
988	311
988	314
988	343
988	392
988	439
988	456
988	509
988	522
988	562
988	593
988	655
988	661
988	701
988	734
988	745
988	821
988	823
988	828
988	843
988	878
988	880
988	916
988	919
988	923
988	926
988	934
988	941
988	951
988	977
988	986
988	987
988	996
988	999
989	4
989	101
989	127
989	157
989	192
989	205
989	241
989	344
989	390
989	393
989	438
989	440
989	447
989	465
989	496
989	505
989	529
989	582
989	591
989	637
989	638
989	669
989	689
989	724
989	737
989	759
989	791
989	793
989	802
989	811
989	814
989	817
989	849
989	873
989	920
989	935
989	947
989	955
989	960
989	975
989	976
989	995
989	997
990	90
990	165
990	182
990	250
990	349
990	357
990	372
990	388
990	403
990	418
990	431
990	455
990	457
990	461
990	464
990	469
990	472
990	476
990	489
990	532
990	541
990	556
990	561
990	572
990	589
990	612
990	667
990	682
990	721
990	727
990	780
990	788
990	800
990	836
990	840
990	872
990	885
990	896
990	905
990	907
990	910
990	946
990	952
991	8
991	60
991	71
991	102
991	163
991	195
991	219
991	239
991	252
991	319
991	446
991	480
991	500
991	514
991	604
991	616
991	633
991	652
991	663
991	672
991	675
991	681
991	718
991	725
991	739
991	807
991	845
991	857
991	861
991	866
991	875
991	879
991	884
991	890
991	897
991	909
991	911
991	915
991	937
991	938
991	944
991	992
991	1000
992	8
992	84
992	99
992	171
992	172
992	239
992	252
992	262
992	266
992	367
992	373
992	398
992	402
992	412
992	446
992	500
992	507
992	515
992	601
992	604
992	634
992	636
992	663
992	686
992	739
992	798
992	807
992	845
992	857
992	861
992	866
992	879
992	884
992	890
992	897
992	911
992	915
992	937
992	938
992	944
992	960
992	991
992	1000
993	22
993	37
993	44
993	48
993	65
993	88
993	107
993	119
993	162
993	166
993	210
993	225
993	234
993	235
993	280
993	290
993	346
993	405
993	422
993	445
993	486
993	534
993	543
993	580
993	595
993	597
993	600
993	619
993	649
993	670
993	687
993	717
993	801
993	804
993	831
993	868
993	889
993	905
993	914
993	924
993	958
993	965
993	982
993	994
994	22
994	37
994	44
994	48
994	88
994	107
994	116
994	119
994	162
994	210
994	225
994	234
994	235
994	290
994	298
994	329
994	346
994	391
994	405
994	422
994	445
994	534
994	543
994	580
994	595
994	597
994	600
994	619
994	649
994	670
994	687
994	710
994	801
994	804
994	820
994	831
994	868
994	889
994	905
994	914
994	924
994	958
994	965
994	982
994	993
995	6
995	157
995	174
995	175
995	205
995	220
995	318
995	340
995	341
995	344
995	355
995	393
995	438
995	440
995	447
995	459
995	496
995	497
995	503
995	520
995	529
995	624
995	637
995	638
995	669
995	689
995	724
995	737
995	759
995	791
995	793
995	802
995	811
995	814
995	817
995	835
995	849
995	873
995	920
995	935
995	947
995	955
995	960
995	975
995	976
995	989
996	9
996	18
996	36
996	40
996	43
996	123
996	244
996	245
996	264
996	300
996	310
996	311
996	384
996	392
996	410
996	439
996	487
996	509
996	516
996	539
996	562
996	593
996	621
996	655
996	697
996	734
996	745
996	770
996	821
996	823
996	828
996	833
996	843
996	878
996	880
996	916
996	919
996	923
996	934
996	941
996	957
996	977
996	986
996	987
996	988
996	999
997	39
997	105
997	255
997	301
997	331
997	333
997	336
997	348
997	404
997	414
997	449
997	524
997	546
997	566
997	567
997	598
997	614
997	631
997	639
997	640
997	656
997	692
997	696
997	702
997	733
997	754
997	756
997	779
997	795
997	796
997	797
997	822
997	844
997	846
997	850
997	877
997	883
997	886
997	906
997	918
997	931
997	954
997	966
997	969
997	983
997	984
997	989
998	45
998	66
998	106
998	122
998	135
998	159
998	167
998	178
998	187
998	189
998	216
998	223
998	278
998	330
998	378
998	389
998	423
998	463
998	479
998	518
998	544
998	577
998	590
998	602
998	611
998	623
998	628
998	651
998	657
998	672
998	679
998	685
998	688
998	706
998	741
998	782
998	825
998	841
998	851
998	852
998	853
998	865
998	893
998	898
998	912
998	967
998	985
999	9
999	12
999	34
999	53
999	123
999	146
999	152
999	175
999	209
999	283
999	300
999	310
999	311
999	328
999	384
999	408
999	410
999	429
999	487
999	516
999	522
999	539
999	587
999	605
999	621
999	625
999	648
999	655
999	661
999	697
999	821
999	823
999	833
999	843
999	880
999	916
999	919
999	923
999	926
999	934
999	941
999	959
999	977
999	986
999	987
999	988
999	996
1000	8
1000	35
1000	60
1000	71
1000	84
1000	102
1000	115
1000	163
1000	172
1000	195
1000	236
1000	239
1000	325
1000	398
1000	415
1000	433
1000	507
1000	515
1000	599
1000	601
1000	604
1000	636
1000	652
1000	663
1000	675
1000	676
1000	681
1000	686
1000	695
1000	718
1000	725
1000	845
1000	857
1000	861
1000	864
1000	866
1000	879
1000	890
1000	897
1000	911
1000	915
1000	937
1000	938
1000	944
1000	956
1000	991
1000	992
