1	784
1	795
1	833
1	867
2	497
2	583
2	692
2	959
3	108
3	908
3	920
3	993
4	519
4	728
4	914
4	994
5	341
5	466
5	800
5	982
6	495
6	693
6	795
6	827
7	226
7	538
7	906
7	974
8	521
8	736
8	914
8	920
9	541
9	814
9	947
9	965
10	308
10	657
10	847
10	972
11	840
11	971
11	985
11	988
12	174
12	703
12	846
12	873
13	183
13	379
13	600
13	991
14	276
14	803
14	948
14	1000
15	509
15	851
15	865
15	965
16	396
16	582
16	885
16	994
17	84
17	849
17	897
17	979
18	924
18	988
18	990
18	991
19	246
19	442
19	729
19	799
20	463
20	739
20	829
20	998
21	610
21	912
21	977
21	996
22	564
22	684
22	807
22	852
23	69
23	558
23	561
23	992
24	217
24	755
24	816
24	919
25	799
25	889
25	911
25	920
26	64
26	172
26	252
26	997
27	69
27	652
27	844
27	931
28	522
28	815
28	941
28	968
29	101
29	946
29	992
29	994
30	228
30	705
30	782
30	956
31	744
31	942
31	990
31	1000
32	424
32	459
32	882
32	938
33	881
33	910
33	918
33	945
34	649
34	789
34	939
34	945
35	259
35	301
35	902
35	999
36	361
36	670
36	767
36	775
37	771
37	905
37	951
37	958
38	317
38	331
38	607
38	718
39	489
39	818
39	937
39	952
40	787
40	789
40	932
40	991
41	193
41	244
41	951
41	956
42	201
42	703
42	948
42	986
43	457
43	861
43	863
43	964
44	859
44	898
44	913
44	975
45	498
45	640
45	900
45	957
46	811
46	927
46	967
46	981
47	165
47	278
47	695
47	998
48	452
48	791
48	874
48	955
49	623
49	924
49	972
49	977
50	360
50	669
50	915
50	931
51	883
51	940
51	980
51	985
52	264
52	428
52	686
52	754
53	78
53	438
53	813
53	878
54	531
54	795
54	983
54	994
55	246
55	756
55	828
55	924
56	943
56	969
56	979
56	991
57	353
57	816
57	908
57	988
58	690
58	823
58	923
58	944
59	578
59	663
59	764
59	942
60	787
60	938
60	970
60	999
61	164
61	573
61	602
61	941
62	421
62	630
62	696
62	959
63	677
63	952
63	968
63	979
64	26
64	833
64	944
64	968
65	754
65	965
65	973
65	987
66	713
66	833
66	973
66	981
67	856
67	860
67	938
67	953
68	198
68	536
68	916
68	937
69	23
69	27
69	985
69	986
70	850
70	982
70	998
70	1000
71	159
71	681
71	887
71	970
72	501
72	827
72	927
72	968
73	623
73	757
73	945
73	989
74	355
74	377
74	680
74	990
75	424
75	680
75	943
75	964
76	188
76	491
76	774
76	887
77	283
77	381
77	385
77	975
78	53
78	882
78	978
78	986
79	980
79	982
79	984
79	986
80	338
80	445
80	792
80	925
81	281
81	889
81	956
81	983
82	294
82	306
82	868
82	916
83	260
83	586
83	784
83	983
84	17
84	688
84	862
84	987
85	190
85	507
85	877
85	891
86	444
86	542
86	831
86	886
87	643
87	734
87	772
87	886
88	155
88	856
88	869
88	925
89	397
89	847
89	885
89	948
90	194
90	960
90	986
90	989
91	732
91	760
91	931
91	937
92	628
92	741
92	789
92	922
93	204
93	670
93	981
93	986
94	382
94	518
94	962
94	991
95	868
95	879
95	941
95	999
96	495
96	831
96	937
96	974
97	311
97	663
97	877
97	878
98	813
98	828
98	856
98	950
99	500
99	549
99	961
99	985
100	480
100	567
100	644
100	808
101	29
101	750
101	901
101	974
102	115
102	766
102	772
102	854
103	232
103	966
103	976
103	981
104	554
104	719
104	848
104	973
105	747
105	798
105	860
105	905
106	277
106	530
106	765
106	882
107	483
107	629
107	815
107	919
108	3
108	141
108	265
108	268
109	877
109	901
109	984
109	989
110	312
110	528
110	841
110	859
111	251
111	747
111	907
111	992
112	487
112	578
112	640
112	705
113	347
113	390
113	949
113	977
114	795
114	807
114	910
114	966
115	102
115	256
115	461
115	851
116	478
116	788
116	883
116	917
117	775
117	801
117	961
117	985
118	325
118	578
118	833
118	942
119	810
119	824
119	868
119	951
120	406
120	662
120	791
120	969
121	665
121	745
121	919
121	985
122	297
122	655
122	882
122	960
123	766
123	886
123	908
123	947
124	735
124	792
124	947
124	962
125	301
125	521
125	713
125	969
126	462
126	666
126	738
126	916
127	474
127	775
127	889
127	984
128	264
128	294
128	802
128	964
129	496
129	545
129	758
129	963
130	452
130	780
130	924
130	986
131	560
131	859
131	954
131	999
132	710
132	891
132	993
132	997
133	509
133	639
133	820
133	840
134	711
134	737
134	769
134	952
135	167
135	659
135	951
135	959
136	360
136	377
136	778
136	936
137	219
137	486
137	791
137	944
138	444
138	860
138	874
138	912
139	936
139	943
139	955
139	972
140	513
140	735
140	859
140	929
141	108
141	155
141	367
141	738
142	516
142	676
142	741
142	801
143	604
143	747
143	823
143	974
144	508
144	689
144	921
144	947
145	358
145	366
145	530
145	790
146	414
146	745
146	931
146	965
147	267
147	295
147	668
147	984
148	266
148	593
148	631
148	965
149	247
149	779
149	890
149	976
150	279
150	542
150	723
150	774
151	284
151	486
151	812
151	837
152	503
152	517
152	749
152	982
153	656
153	712
153	785
153	922
154	344
154	825
154	927
154	987
155	88
155	141
155	977
155	999
156	314
156	510
156	589
156	899
157	433
157	514
157	652
157	899
158	636
158	679
158	956
158	966
159	71
159	456
159	806
159	807
160	173
160	582
160	903
160	945
161	905
161	947
161	964
161	989
162	400
162	655
162	678
162	692
163	763
163	878
163	967
163	970
164	61
164	734
164	807
164	944
165	47
165	293
165	663
165	905
166	421
166	788
166	891
166	907
167	135
167	392
167	500
167	957
168	303
168	947
168	958
168	989
169	639
169	899
169	967
169	1000
170	436
170	929
170	955
170	988
171	366
171	518
171	902
171	914
172	26
172	345
172	871
172	941
173	160
173	288
173	967
173	990
174	12
174	731
174	858
174	954
175	331
175	495
175	895
175	966
176	442
176	703
176	869
176	997
177	430
177	653
177	795
177	933
178	326
178	707
178	797
178	888
179	273
179	469
179	909
179	970
180	704
180	889
180	893
180	917
181	727
181	804
181	913
181	947
182	332
182	415
182	975
182	988
183	13
183	424
183	983
183	989
184	312
184	318
184	409
184	958
185	452
185	848
185	892
185	901
186	472
186	752
186	887
186	990
187	264
187	814
187	839
187	999
188	76
188	936
188	946
188	972
189	451
189	736
189	959
189	986
190	85
190	437
190	624
190	850
191	271
191	465
191	734
191	981
192	928
192	949
192	976
192	997
193	41
193	367
193	589
193	878
194	90
194	664
194	858
194	969
195	691
195	806
195	907
195	952
196	702
196	966
196	976
196	1000
197	629
197	959
197	963
197	997
198	68
198	663
198	779
198	928
199	310
199	827
199	963
199	964
200	332
200	874
200	996
200	997
201	42
201	677
201	841
201	981
202	539
202	950
202	985
202	995
203	234
203	482
203	505
203	591
204	93
204	491
204	813
204	823
205	820
205	917
205	960
205	992
206	656
206	861
206	977
206	979
207	464
207	541
207	695
207	983
208	620
208	667
208	679
208	958
209	530
209	654
209	898
209	958
210	758
210	867
210	975
210	983
211	641
211	784
211	897
211	941
212	658
212	842
212	977
212	997
213	688
213	822
213	973
213	983
214	399
214	737
214	988
214	991
215	759
215	940
215	952
215	979
216	566
216	787
216	912
216	915
217	24
217	546
217	785
217	951
218	375
218	869
218	933
218	988
219	137
219	914
219	962
219	970
220	371
220	678
220	938
220	960
221	238
221	654
221	656
221	709
222	376
222	591
222	738
222	879
223	790
223	895
223	967
223	985
224	386
224	526
224	885
224	971
225	283
225	519
225	954
225	999
226	7
226	575
226	831
226	976
227	707
227	842
227	928
227	931
228	30
228	246
228	276
228	785
228	946
229	636
229	730
229	788
229	904
229	946
230	308
230	687
230	948
230	990
230	994
231	682
231	695
231	877
231	979
231	983
232	103
232	502
232	543
232	705
232	754
233	556
233	617
233	643
233	832
233	880
234	203
234	632
234	861
234	979
234	1000
235	260
235	675
235	795
235	973
235	984
236	303
236	559
236	849
236	929
236	947
237	608
237	688
237	863
237	890
237	963
238	221
238	428
238	817
238	950
238	993
239	342
239	409
239	604
239	628
239	947
240	537
240	619
240	865
240	867
240	979
241	446
241	810
241	918
241	956
241	990
242	568
242	780
242	803
242	926
242	976
243	592
243	864
243	967
243	968
243	976
244	41
244	794
244	830
244	957
244	995
245	478
245	756
245	886
245	925
245	949
246	19
246	55
246	228
246	271
246	906
247	149
247	592
247	811
247	979
247	990
248	285
248	446
248	571
248	726
248	862
249	404
249	584
249	778
249	979
249	1000
250	456
250	493
250	613
250	903
250	965
251	111
251	547
251	627
251	873
251	923
252	26
252	603
252	786
252	824
252	841
253	350
253	804
253	902
253	930
253	963
254	893
254	964
254	968
254	980
254	989
255	337
255	699
255	885
255	996
255	997
256	115
256	544
256	653
256	985
256	997
257	480
257	738
257	824
257	857
257	977
258	627
258	915
258	956
258	958
258	990
259	35
259	603
259	722
259	940
259	945
260	83
260	235
260	760
260	796
260	859
261	536
261	855
261	897
261	967
261	968
262	555
262	597
262	847
262	917
262	934
263	422
263	680
263	813
263	966
263	974
264	52
264	128
264	187
264	303
264	913
265	108
265	545
265	719
265	919
265	947
266	148
266	329
266	622
266	938
266	974
267	147
267	482
267	801
267	840
267	973
268	108
268	515
268	799
268	809
268	953
269	464
269	594
269	608
269	890
269	993
270	579
270	908
270	947
270	960
270	991
271	191
271	246
271	532
271	727
271	953
272	375
272	849
272	906
272	982
272	993
273	179
273	732
273	870
273	928
273	947
274	348
274	463
274	757
274	766
274	926
275	298
275	527
275	529
275	870
275	968
276	14
276	228
276	658
276	984
276	985
277	106
277	646
277	777
277	819
277	850
278	47
278	337
278	906
278	920
278	977
279	150
279	320
279	403
279	751
279	860
280	599
280	800
280	957
280	987
280	992
281	81
281	794
281	802
281	896
281	943
282	416
282	809
282	955
282	985
282	988
283	77
283	225
283	643
283	814
283	940
284	151
284	614
284	880
284	897
284	905
285	248
285	374
285	668
285	979
285	984
286	765
286	831
286	885
286	981
286	989
287	479
287	645
287	890
287	971
287	980
288	173
288	855
288	970
288	978
288	999
289	684
289	753
289	782
289	837
289	857
290	659
290	736
290	785
290	874
290	887
291	440
291	628
291	806
291	876
291	958
292	462
292	463
292	794
292	807
292	966
293	165
293	392
293	807
293	967
293	983
294	82
294	128
294	842
294	872
294	888
295	147
295	604
295	786
295	885
295	934
296	714
296	766
296	885
296	962
296	996
297	122
297	688
297	820
297	950
297	995
298	275
298	472
298	529
298	777
298	960
299	539
299	839
299	892
299	977
299	998
300	333
300	460
300	500
300	741
300	868
301	35
301	125
301	580
301	827
301	934
302	732
302	820
302	949
302	966
302	976
303	168
303	236
303	264
303	552
303	862
304	668
304	896
304	952
304	953
304	993
305	516
305	749
305	816
305	934
305	961
306	82
306	827
306	837
306	877
306	942
307	717
307	818
307	883
307	922
307	999
308	10
308	230
308	561
308	650
308	714
309	412
309	837
309	942
309	971
309	975
310	199
310	779
310	897
310	912
310	988
311	97
311	689
311	834
311	926
311	991
312	110
312	184
312	770
312	854
312	870
313	380
313	809
313	872
313	950
313	994
314	156
314	492
314	809
314	888
314	970
315	437
315	671
315	907
315	967
315	968
316	335
316	431
316	480
316	791
316	972
317	38
317	741
317	823
317	983
317	992
318	184
318	474
318	679
318	935
318	945
319	693
319	713
319	783
319	813
319	980
320	279
320	854
320	972
320	978
320	984
321	754
321	900
321	920
321	984
321	985
322	810
322	826
322	863
322	884
322	950
323	835
323	877
323	934
323	955
323	964
324	673
324	852
324	918
324	970
324	999
325	118
325	445
325	606
325	961
325	991
326	178
326	473
326	593
326	872
326	935
327	614
327	622
327	630
327	816
327	824
328	800
328	845
328	920
328	948
328	994
329	266
329	571
329	620
329	789
329	977
330	637
330	857
330	973
330	976
330	998
331	38
331	175
331	481
331	719
331	999
332	182
332	200
332	782
332	893
332	957
333	300
333	724
333	764
333	783
333	989
334	541
334	653
334	937
334	941
334	981
335	316
335	482
335	825
335	858
335	999
336	646
336	692
336	895
336	965
336	999
337	255
337	278
337	686
337	844
337	883
338	80
338	547
338	760
338	851
338	994
339	503
339	573
339	664
339	846
339	976
340	858
340	893
340	906
340	946
340	977
341	5
341	450
341	681
341	919
341	940
342	239
342	506
342	952
342	964
342	975
343	537
343	915
343	921
343	931
343	989
344	154
344	490
344	535
344	863
344	925
345	172
345	469
345	746
345	773
345	795
346	547
346	610
346	662
346	971
346	992
347	113
347	516
347	541
347	617
347	976
348	274
348	383
348	616
348	723
348	735
349	545
349	563
349	806
349	963
349	999
350	253
350	853
350	920
350	952
350	978
351	501
351	687
351	718
351	841
351	970
352	471
352	804
352	941
352	952
352	964
353	57
353	379
353	649
353	729
353	947
354	486
354	536
354	622
354	954
354	968
355	74
355	515
355	812
355	879
355	995
356	357
356	420
356	557
356	740
356	969
357	356
357	395
357	746
357	870
357	922
358	145
358	722
358	783
358	931
358	988
359	524
359	531
359	609
359	698
359	914
360	50
360	136
360	832
360	840
360	981
361	36
361	554
361	913
361	951
361	965
362	502
362	617
362	661
362	800
362	810
363	439
363	619
363	660
363	939
363	952
364	392
364	562
364	574
364	892
364	946
365	411
365	853
365	981
365	990
365	994
366	145
366	171
366	568
366	874
366	911
367	141
367	193
367	849
367	968
367	986
368	494
368	637
368	705
368	726
368	935
369	619
369	653
369	683
369	802
369	996
370	512
370	703
370	860
370	948
370	987
371	220
371	635
371	825
371	888
371	942
372	421
372	558
372	773
372	972
372	988
373	843
373	895
373	909
373	921
373	948
374	285
374	687
374	893
374	934
374	959
375	218
375	272
375	593
375	664
375	798
376	222
376	705
376	794
376	854
376	950
377	74
377	136
377	752
377	885
377	996
378	656
378	785
378	796
378	948
378	955
379	13
379	353
379	642
379	900
379	982
380	313
380	664
380	719
380	814
380	947
381	77
381	467
381	578
381	643
381	823
382	94
382	793
382	861
382	933
382	946
383	348
383	404
383	532
383	842
383	936
384	400
384	516
384	886
384	949
384	967
385	77
385	637
385	642
385	867
385	950
386	224
386	635
386	681
386	734
386	879
387	619
387	734
387	763
387	927
387	973
388	527
388	799
388	923
388	927
388	964
389	774
389	879
389	944
389	950
389	995
390	113
390	756
390	771
390	815
390	941
391	588
391	727
391	825
391	882
391	930
392	167
392	293
392	364
392	730
392	781
393	505
393	586
393	608
393	933
393	983
394	426
394	715
394	887
394	929
394	936
395	357
395	633
395	645
395	870
395	993
396	16
396	826
396	925
396	936
396	993
397	89
397	535
397	843
397	926
397	930
397	992
398	759
398	856
398	887
398	905
398	935
398	969
399	214
399	793
399	809
399	851
399	984
399	995
400	162
400	384
400	685
400	886
400	899
400	966
401	594
401	691
401	877
401	883
401	953
401	954
402	808
402	859
402	921
402	923
402	940
402	958
403	279
403	667
403	733
403	879
403	880
403	940
404	249
404	383
404	422
404	564
404	814
404	926
405	698
405	777
405	876
405	898
405	912
405	960
406	120
406	582
406	645
406	772
406	875
406	909
407	580
407	704
407	936
407	946
407	950
407	972
408	435
408	587
408	641
408	684
408	892
408	920
409	184
409	239
409	597
409	773
409	775
409	883
410	556
410	672
410	727
410	824
410	946
410	947
411	365
411	650
411	770
411	891
411	950
411	984
412	309
412	751
412	759
412	871
412	951
412	957
413	453
413	731
413	743
413	820
413	932
413	965
414	146
414	766
414	785
414	798
414	842
414	998
415	182
415	626
415	863
415	898
415	937
415	994
416	282
416	504
416	600
416	771
416	850
416	958
417	500
417	539
417	910
417	954
417	962
417	979
418	780
418	831
418	882
418	961
418	971
418	974
419	590
419	626
419	840
419	932
419	963
419	997
420	356
420	771
420	782
420	867
420	888
420	945
421	62
421	166
421	372
421	497
421	840
421	992
422	263
422	404
422	493
422	664
422	864
422	872
423	586
423	802
423	890
423	948
423	967
423	1000
424	32
424	75
424	183
424	425
424	976
424	988
425	424
425	578
425	616
425	664
425	710
425	939
426	394
426	457
426	913
426	914
426	949
426	997
427	525
427	571
427	575
427	706
427	853
427	931
428	52
428	238
428	449
428	471
428	807
428	829
429	539
429	561
429	573
429	748
429	892
429	918
430	177
430	750
430	808
430	933
430	951
430	995
431	316
431	546
431	849
431	882
431	932
431	969
432	605
432	817
432	852
432	954
432	970
432	999
433	157
433	735
433	844
433	941
433	977
433	983
434	797
434	881
434	938
434	962
434	986
434	989
435	408
435	640
435	848
435	958
435	976
435	992
436	170
436	444
436	857
436	886
436	960
436	976
437	190
437	315
437	700
437	796
437	829
437	983
438	53
438	486
438	816
438	881
438	896
438	942
439	363
439	493
439	703
439	845
439	927
439	998
440	291
440	553
440	915
440	960
440	992
440	999
441	573
441	935
441	956
441	970
441	985
441	989
442	19
442	176
442	744
442	785
442	957
442	980
443	648
443	803
443	919
443	966
443	989
443	993
444	86
444	138
444	436
444	894
444	897
444	976
445	80
445	325
445	477
445	942
445	980
445	992
446	241
446	248
446	557
446	582
446	851
446	943
447	454
447	605
447	614
447	773
447	809
447	958
448	726
448	793
448	869
448	939
448	956
448	977
449	428
449	523
449	733
449	927
449	994
449	995
450	341
450	674
450	691
450	860
450	991
450	993
451	189
451	869
451	948
451	967
451	983
451	990
452	48
452	130
452	185
452	745
452	915
452	920
453	413
453	706
453	921
453	968
453	986
453	1000
454	447
454	585
454	603
454	786
454	877
454	983
455	569
455	732
455	874
455	893
455	928
455	974
456	159
456	250
456	593
456	617
456	965
456	998
457	43
457	426
457	496
457	535
457	989
457	995
458	786
458	814
458	878
458	907
458	963
458	979
459	32
459	774
459	808
459	866
459	909
459	910
460	300
460	837
460	874
460	891
460	949
460	966
461	115
461	626
461	847
461	899
461	953
461	973
462	126
462	292
462	551
462	552
462	695
462	946
463	20
463	274
463	292
463	471
463	599
463	998
464	207
464	269
464	584
464	919
464	942
464	994
465	191
465	543
465	576
465	861
465	922
465	971
466	5
466	467
466	704
466	707
466	840
466	996
467	381
467	466
467	771
467	946
467	958
467	968
468	593
468	601
468	660
468	673
468	677
468	932
469	179
469	345
469	871
469	930
469	939
469	993
470	598
470	653
470	662
470	757
470	845
470	996
471	352
471	428
471	463
471	555
471	821
471	965
472	186
472	298
472	684
472	709
472	928
472	990
473	326
473	480
473	604
473	652
473	932
473	945
474	127
474	318
474	592
474	765
474	909
474	970
475	729
475	817
475	876
475	966
475	993
475	994
476	738
476	840
476	887
476	958
476	977
476	987
477	445
477	648
477	833
477	837
477	914
477	999
478	116
478	245
478	714
478	921
478	967
478	980
479	287
479	553
479	642
479	674
479	684
479	786
480	100
480	257
480	316
480	473
480	704
480	956
481	331
481	661
481	701
481	712
481	885
481	997
482	203
482	267
482	335
482	839
482	858
482	863
483	107
483	510
483	834
483	891
483	959
483	995
484	765
484	839
484	895
484	943
484	987
484	994
485	661
485	783
485	834
485	846
485	978
485	984
486	137
486	151
486	354
486	438
486	806
486	833
487	112
487	924
487	944
487	959
487	972
487	994
488	547
488	639
488	824
488	890
488	927
488	971
489	39
489	797
489	939
489	956
489	959
489	1000
490	344
490	775
490	873
490	889
490	902
490	955
491	76
491	204
491	681
491	916
491	940
491	946
492	314
492	580
492	634
492	820
492	968
492	982
493	250
493	422
493	439
493	707
493	825
493	985
494	368
494	569
494	639
494	832
494	958
494	978
495	6
495	96
495	175
495	557
495	746
495	864
496	129
496	457
496	794
496	826
496	971
496	992
497	2
497	421
497	640
497	770
497	934
497	960
498	45
498	524
498	757
498	780
498	962
498	990
499	913
499	921
499	952
499	961
499	981
499	1000
500	99
500	167
500	300
500	417
500	965
500	976
501	72
501	351
501	904
501	940
501	995
501	999
502	232
502	362
502	756
502	759
502	979
502	1000
503	152
503	339
503	911
503	930
503	944
503	971
504	416
504	508
504	666
504	690
504	962
504	965
505	203
505	393
505	631
505	821
505	852
505	982
506	342
506	535
506	764
506	914
506	932
506	965
507	85
507	610
507	670
507	739
507	752
507	926
507	958
508	144
508	504
508	559
508	754
508	922
508	969
508	996
509	15
509	133
509	690
509	788
509	873
509	941
509	997
510	156
510	483
510	563
510	662
510	688
510	882
510	978
511	541
511	560
511	587
511	638
511	761
511	777
511	897
512	370
512	702
512	787
512	841
512	885
512	903
512	923
513	140
513	634
513	652
513	722
513	884
513	972
513	974
514	157
514	866
514	916
514	949
514	966
514	976
514	995
515	268
515	355
515	921
515	941
515	986
515	989
515	991
516	142
516	305
516	347
516	384
516	562
516	706
516	874
517	152
517	607
517	793
517	911
517	960
517	982
517	992
518	94
518	171
518	538
518	690
518	927
518	932
518	939
519	4
519	225
519	543
519	704
519	839
519	847
519	944
520	841
520	858
520	870
520	902
520	912
520	983
520	990
521	8
521	125
521	930
521	958
521	980
521	985
521	991
522	28
522	761
522	866
522	900
522	973
522	978
522	984
523	449
523	553
523	558
523	875
523	951
523	956
523	997
524	359
524	498
524	553
524	564
524	798
524	960
524	996
525	427
525	597
525	846
525	882
525	893
525	918
525	959
526	224
526	624
526	714
526	758
526	777
526	826
526	910
527	275
527	388
527	538
527	805
527	945
527	968
527	997
528	110
528	612
528	727
528	728
528	896
528	953
528	995
529	275
529	298
529	540
529	693
529	709
529	758
529	831
530	106
530	145
530	209
530	610
530	662
530	822
530	978
531	54
531	359
531	671
531	851
531	867
531	955
531	956
532	271
532	383
532	684
532	792
532	898
532	975
532	982
533	703
533	746
533	855
533	905
533	963
533	975
533	976
534	601
534	904
534	953
534	954
534	970
534	996
534	999
535	344
535	397
535	457
535	506
535	674
535	866
535	998
536	68
536	261
536	354
536	836
536	858
536	892
536	967
537	240
537	343
537	833
537	852
537	929
537	936
537	997
538	7
538	518
538	527
538	708
538	819
538	898
538	975
539	202
539	299
539	417
539	429
539	608
539	756
539	966
540	529
540	543
540	706
540	781
540	826
540	919
540	975
541	9
541	207
541	334
541	347
541	511
541	880
541	963
542	86
542	150
542	812
542	854
542	912
542	993
542	995
543	232
543	465
543	519
543	540
543	682
543	843
543	938
544	256
544	657
544	677
544	838
544	879
544	888
544	955
545	129
545	265
545	349
545	822
545	908
545	959
545	979
546	217
546	431
546	761
546	808
546	872
546	982
546	988
547	251
547	338
547	346
547	488
547	747
547	933
547	974
548	762
548	805
548	836
548	862
548	883
548	926
548	981
549	99
549	726
549	756
549	874
549	966
549	976
549	989
550	740
550	784
550	801
550	896
550	953
550	975
550	994
551	462
551	823
551	873
551	903
551	921
551	922
551	998
552	303
552	462
552	659
552	726
552	817
552	902
552	906
553	440
553	479
553	523
553	524
553	925
553	934
553	992
554	104
554	361
554	782
554	878
554	953
554	977
554	982
555	262
555	471
555	828
555	949
555	988
555	990
555	991
556	233
556	410
556	698
556	730
556	906
556	928
556	933
557	356
557	446
557	495
557	558
557	791
557	891
557	981
558	23
558	372
558	523
558	557
558	717
558	871
558	969
559	236
559	508
559	603
559	832
559	880
559	908
559	999
560	131
560	511
560	574
560	622
560	838
560	859
560	981
561	23
561	308
561	429
561	625
561	633
561	972
561	992
562	364
562	516
562	587
562	890
562	939
562	960
562	992
563	349
563	510
563	838
563	868
563	941
563	995
563	996
564	22
564	404
564	524
564	667
564	942
564	975
564	997
565	586
565	689
565	787
565	821
565	829
565	871
565	895
566	216
566	572
566	589
566	783
566	887
566	981
566	990
567	100
567	786
567	799
567	845
567	909
567	948
567	981
568	242
568	366
568	724
568	915
568	928
568	959
568	986
569	455
569	494
569	789
569	854
569	931
569	945
569	983
570	609
570	649
570	709
570	719
570	760
570	814
570	966
571	248
571	329
571	427
571	581
571	720
571	726
571	947
571	964
572	566
572	820
572	832
572	913
572	962
572	980
572	984
572	997
573	61
573	339
573	429
573	441
573	854
573	934
573	939
573	951
574	364
574	560
574	750
574	816
574	866
574	872
574	977
574	1000
575	226
575	427
575	706
575	828
575	844
575	901
575	915
575	928
576	465
576	694
576	869
576	890
576	906
576	911
576	938
576	955
577	761
577	815
577	920
577	964
577	984
577	986
577	989
577	991
578	59
578	112
578	118
578	381
578	425
578	638
578	880
578	968
579	270
579	638
579	719
579	737
579	755
579	881
579	908
579	947
580	301
580	407
580	492
580	623
580	864
580	905
580	935
580	960
581	571
581	805
581	917
581	932
581	949
581	965
581	992
581	996
582	16
582	160
582	406
582	446
582	669
582	829
582	875
582	984
583	2
583	623
583	717
583	807
583	815
583	853
583	907
583	979
584	249
584	464
584	745
584	771
584	916
584	952
584	963
584	991
585	454
585	738
585	811
585	813
585	835
585	937
585	963
585	979
586	83
586	393
586	423
586	565
586	763
586	805
586	818
586	873
587	408
587	511
587	562
587	823
587	850
587	934
587	954
587	958
588	391
588	749
588	788
588	821
588	830
588	883
588	922
588	987
589	156
589	193
589	566
589	771
589	776
589	786
589	835
589	880
590	419
590	775
590	860
590	912
590	922
590	956
590	976
590	982
591	203
591	222
591	625
591	735
591	741
591	831
591	877
591	983
592	243
592	247
592	474
592	638
592	907
592	908
592	941
592	963
593	148
593	326
593	375
593	456
593	468
593	830
593	993
593	996
594	269
594	401
594	596
594	773
594	853
594	985
594	993
594	994
595	603
595	618
595	651
595	686
595	764
595	844
595	979
595	983
596	594
596	655
596	658
596	671
596	809
596	972
596	994
596	995
597	262
597	409
597	525
597	614
597	654
597	770
597	850
597	907
598	470
598	710
598	831
598	840
598	881
598	925
598	971
598	992
599	280
599	463
599	673
599	709
599	717
599	779
599	926
599	975
600	13
600	416
600	691
600	698
600	783
600	808
600	837
600	942
601	468
601	534
601	761
601	796
601	812
601	826
601	904
601	919
602	61
602	665
602	788
602	818
602	883
602	948
602	963
602	992
603	252
603	259
603	454
603	559
603	595
603	695
603	766
603	807
604	143
604	239
604	295
604	473
604	763
604	799
604	909
604	1000
605	432
605	447
605	831
605	884
605	955
605	961
605	988
605	989
606	325
606	797
606	949
606	961
606	971
606	980
606	983
606	991
607	38
607	517
607	663
607	676
607	737
607	928
607	931
607	957
608	237
608	269
608	393
608	539
608	642
608	774
608	982
608	984
609	359
609	570
609	681
609	731
609	777
609	802
609	857
609	932
610	21
610	346
610	507
610	530
610	695
610	828
610	837
610	977
611	842
611	879
611	910
611	918
611	934
611	949
611	972
611	976
612	528
612	615
612	650
612	851
612	894
612	945
612	959
612	994
613	250
613	648
613	869
613	879
613	890
613	973
613	987
613	998
614	284
614	327
614	447
614	597
614	617
614	651
614	825
614	856
615	612
615	699
615	750
615	786
615	801
615	885
615	928
615	981
616	348
616	425
616	938
616	945
616	951
616	956
616	967
616	984
617	233
617	347
617	362
617	456
617	614
617	891
617	952
617	955
618	595
618	662
618	842
618	853
618	876
618	937
618	941
618	979
619	240
619	363
619	369
619	387
619	755
619	901
619	970
619	982
620	208
620	329
620	641
620	650
620	729
620	807
620	878
620	891
621	622
621	796
621	799
621	914
621	947
621	982
621	983
621	990
622	266
622	327
622	354
622	560
622	621
622	736
622	879
622	981
623	49
623	73
623	580
623	583
623	797
623	812
623	867
623	904
624	190
624	526
624	762
624	792
624	798
624	913
624	965
624	996
625	561
625	591
625	732
625	810
625	856
625	863
625	865
625	971
626	415
626	419
626	461
626	646
626	819
626	876
626	913
626	993
627	251
627	258
627	763
627	830
627	932
627	974
627	987
627	1000
628	92
628	239
628	291
628	642
628	721
628	898
628	952
628	975
629	107
629	197
629	844
629	851
629	894
629	920
629	957
629	994
630	62
630	327
630	694
630	713
630	893
630	927
630	967
630	987
631	148
631	505
631	826
631	827
631	900
631	927
631	932
631	998
632	234
632	769
632	871
632	963
632	967
632	978
632	994
632	1000
633	395
633	561
633	679
633	718
633	909
633	919
633	954
633	970
633	999
634	492
634	513
634	755
634	762
634	852
634	885
634	924
634	929
634	972
635	371
635	386
635	773
635	840
635	846
635	888
635	933
635	997
635	999
636	158
636	229
636	669
636	733
636	806
636	844
636	906
636	933
636	977
637	330
637	368
637	385
637	814
637	825
637	914
637	917
637	920
637	996
638	511
638	578
638	579
638	592
638	773
638	779
638	871
638	891
638	958
639	133
639	169
639	488
639	494
639	765
639	789
639	841
639	903
639	912
640	45
640	112
640	435
640	497
640	650
640	710
640	725
640	958
640	960
641	211
641	408
641	620
641	723
641	850
641	880
641	891
641	938
641	945
642	379
642	385
642	479
642	608
642	628
642	791
642	896
642	920
642	957
643	87
643	233
643	283
643	381
643	880
643	891
643	929
643	952
643	962
644	100
644	726
644	735
644	774
644	814
644	836
644	908
644	938
644	947
645	287
645	395
645	406
645	679
645	768
645	789
645	905
645	943
645	954
646	277
646	336
646	626
646	684
646	733
646	762
646	803
646	835
646	886
647	706
647	801
647	839
647	855
647	954
647	966
647	970
647	996
647	999
648	443
648	477
648	613
648	743
648	778
648	899
648	919
648	984
648	995
649	34
649	353
649	570
649	700
649	701
649	754
649	814
649	940
649	986
650	308
650	411
650	612
650	620
650	640
650	685
650	773
650	857
650	958
651	595
651	614
651	673
651	679
651	757
651	759
651	843
651	897
651	956
652	27
652	157
652	473
652	513
652	747
652	830
652	877
652	908
652	988
653	177
653	256
653	334
653	369
653	470
653	834
653	842
653	944
653	1000
654	209
654	221
654	597
654	762
654	819
654	867
654	923
654	975
654	977
655	122
655	162
655	596
655	797
655	843
655	938
655	945
655	974
655	996
656	153
656	206
656	221
656	378
656	669
656	837
656	939
656	946
656	975
657	10
657	544
657	732
657	769
657	836
657	921
657	956
657	966
657	993
658	212
658	276
658	596
658	665
658	873
658	955
658	961
658	964
658	999
659	135
659	290
659	552
659	824
659	828
659	887
659	946
659	973
659	996
660	363
660	468
660	665
660	673
660	761
660	867
660	908
660	951
660	983
661	362
661	481
661	485
661	899
661	902
661	911
661	914
661	996
661	997
662	120
662	346
662	470
662	510
662	530
662	618
662	854
662	955
662	978
663	59
663	97
663	165
663	198
663	607
663	675
663	915
663	928
663	931
664	194
664	339
664	375
664	380
664	422
664	425
664	716
664	834
664	870
665	121
665	602
665	658
665	660
665	743
665	835
665	899
665	910
665	948
666	126
666	504
666	682
666	736
666	774
666	814
666	857
666	982
666	984
667	208
667	403
667	564
667	762
667	801
667	809
667	815
667	926
667	975
668	147
668	285
668	304
668	895
668	954
668	963
668	969
668	970
668	999
669	50
669	582
669	636
669	656
669	697
669	739
669	811
669	828
669	933
670	36
670	93
670	507
670	730
670	742
670	821
670	901
670	944
670	946
671	315
671	531
671	596
671	923
671	934
671	948
671	971
671	989
671	990
672	410
672	681
672	723
672	777
672	785
672	806
672	876
672	910
672	987
673	324
673	468
673	599
673	651
673	660
673	774
673	857
673	945
673	969
674	450
674	479
674	535
674	721
674	884
674	974
674	987
674	992
674	995
675	235
675	663
675	828
675	862
675	869
675	937
675	938
675	987
675	998
676	142
676	607
676	693
676	915
676	917
676	928
676	931
676	932
676	956
677	63
677	201
677	468
677	544
677	834
677	842
677	913
677	985
677	996
678	162
678	220
678	679
678	683
678	722
678	827
678	886
678	957
678	959
679	158
679	208
679	318
679	633
679	645
679	651
679	678
679	925
679	939
680	74
680	75
680	263
680	718
680	857
680	918
680	949
680	966
680	976
681	71
681	341
681	386
681	491
681	609
681	672
681	926
681	975
681	979
682	231
682	543
682	666
682	716
682	757
682	915
682	925
682	938
682	974
683	369
683	678
683	712
683	862
683	869
683	929
683	973
683	974
683	984
684	22
684	289
684	408
684	472
684	479
684	532
684	646
684	773
684	945
685	400
685	650
685	736
685	839
685	858
685	909
685	949
685	998
685	999
686	52
686	337
686	595
686	741
686	788
686	808
686	883
686	892
686	982
687	230
687	351
687	374
687	930
687	964
687	988
687	989
687	991
687	999
688	84
688	213
688	237
688	297
688	510
688	742
688	822
688	905
688	978
689	144
689	311
689	565
689	853
689	866
689	918
689	937
689	949
689	966
690	58
690	504
690	509
690	518
690	760
690	772
690	882
690	941
690	1000
691	195
691	401
691	450
691	600
691	740
691	743
691	751
691	817
691	877
692	2
692	162
692	336
692	845
692	862
692	871
692	874
692	920
692	958
693	6
693	319
693	529
693	676
693	742
693	764
693	834
693	942
693	968
694	576
694	630
694	896
694	899
694	953
694	969
694	977
694	993
694	994
694	1000
695	47
695	207
695	231
695	462
695	603
695	610
695	723
695	778
695	918
695	983
696	62
696	743
696	748
696	751
696	900
696	955
696	961
696	970
696	980
696	986
697	669
697	765
697	855
697	909
697	910
697	954
697	969
697	970
697	972
697	985
698	359
698	405
698	556
698	600
698	701
698	764
698	833
698	942
698	974
698	998
699	255
699	615
699	816
699	836
699	859
699	915
699	921
699	952
699	969
699	990
700	437
700	649
700	854
700	875
700	884
700	899
700	940
700	965
700	994
700	995
701	481
701	649
701	698
701	724
701	730
701	742
701	783
701	792
701	859
701	962
702	196
702	512
702	786
702	791
702	823
702	936
702	944
702	957
702	972
702	997
703	12
703	42
703	176
703	370
703	439
703	533
703	870
703	894
703	909
703	949
704	180
704	407
704	466
704	480
704	519
704	924
704	927
704	936
704	955
704	972
705	30
705	112
705	232
705	368
705	376
705	788
705	810
705	872
705	920
705	1000
706	427
706	453
706	516
706	540
706	575
706	647
706	732
706	869
706	874
706	932
707	178
707	227
707	466
707	493
707	710
707	917
707	947
707	956
707	965
707	973
708	538
708	806
708	885
708	898
708	906
708	926
708	975
708	981
708	995
708	998
709	221
709	472
709	529
709	570
709	599
709	817
709	904
709	926
709	986
709	994
710	132
710	425
710	598
710	640
710	707
710	850
710	880
710	954
710	958
710	969
711	134
711	851
711	875
711	930
711	940
711	953
711	977
711	988
711	993
711	995
712	153
712	481
712	683
712	767
712	768
712	783
712	829
712	840
712	888
712	965
713	66
713	125
713	319
713	630
713	742
713	792
713	794
713	882
713	942
713	974
714	296
714	308
714	478
714	526
714	845
714	870
714	921
714	925
714	968
714	981
715	394
715	822
715	824
715	863
715	911
715	938
715	952
715	960
715	974
715	980
716	664
716	682
716	722
716	925
716	927
716	936
716	938
716	974
716	975
716	992
717	307
717	558
717	583
717	599
717	762
717	801
717	876
717	933
717	962
717	975
718	38
718	351
718	633
718	680
718	858
718	871
718	880
718	912
718	943
718	999
719	104
719	265
719	331
719	380
719	570
719	579
719	752
719	754
719	824
719	1000
720	571
720	739
720	748
720	887
720	919
720	946
720	947
720	977
720	980
720	988
721	628
721	674
721	789
721	847
721	875
721	911
721	960
721	971
721	974
721	995
722	259
722	358
722	513
722	678
722	716
722	847
722	929
722	944
722	972
722	988
723	150
723	348
723	641
723	672
723	695
723	800
723	869
723	982
723	996
723	998
724	333
724	568
724	701
724	764
724	837
724	843
724	923
724	942
724	945
724	998
725	640
725	815
725	843
725	865
725	916
725	921
725	941
725	957
725	963
725	979
726	248
726	368
726	448
726	549
726	552
726	571
726	644
726	812
726	816
726	968
727	181
727	271
727	391
727	410
727	528
727	782
727	888
727	914
727	922
727	980
728	4
728	528
728	760
728	825
728	847
728	865
728	869
728	924
728	944
728	987
729	19
729	353
729	475
729	620
729	820
729	923
729	967
729	975
729	998
729	1000
730	229
730	392
730	556
730	670
730	701
730	818
730	860
730	888
730	931
730	977
731	174
731	413
731	609
731	778
731	913
731	916
731	959
731	976
731	983
731	996
732	91
732	273
732	302
732	455
732	625
732	657
732	706
732	775
732	866
732	874
732	915
733	403
733	449
733	636
733	646
733	759
733	902
733	919
733	940
733	979
733	993
733	995
734	87
734	164
734	191
734	386
734	387
734	772
734	776
734	778
734	825
734	935
734	947
735	124
735	140
735	348
735	433
735	591
735	644
735	814
735	908
735	924
735	947
735	961
736	8
736	189
736	290
736	622
736	666
736	685
736	887
736	920
736	963
736	984
736	987
737	134
737	214
737	579
737	607
737	804
737	811
737	815
737	916
737	937
737	946
737	974
738	126
738	141
738	222
738	257
738	476
738	585
738	793
738	858
738	870
738	970
738	996
739	20
739	507
739	669
739	720
739	752
739	828
739	850
739	852
739	937
739	967
739	977
740	356
740	550
740	691
740	743
740	817
740	879
740	895
740	940
740	943
740	971
740	985
741	92
741	142
741	300
741	317
741	591
741	686
741	830
741	844
741	933
741	948
741	983
742	670
742	688
742	693
742	701
742	713
742	764
742	792
742	833
742	934
742	975
742	991
743	413
743	648
743	665
743	691
743	696
743	740
743	846
743	854
743	904
743	946
743	998
744	31
744	442
744	753
744	781
744	878
744	888
744	892
744	961
744	970
744	982
744	999
745	121
745	146
745	452
745	584
745	759
745	895
745	897
745	915
745	928
745	931
745	970
746	345
746	357
746	495
746	533
746	822
746	866
746	900
746	902
746	905
746	958
746	978
747	105
747	111
747	143
747	547
747	652
747	782
747	844
747	936
747	960
747	971
747	992
748	429
748	696
748	720
748	842
748	866
748	910
748	931
748	949
748	966
748	976
748	980
749	152
749	305
749	588
749	768
749	775
749	787
749	842
749	912
749	978
749	981
749	982
750	101
750	430
750	574
750	615
750	796
750	824
750	863
750	903
750	906
750	971
750	977
751	279
751	412
751	691
751	696
751	933
751	961
751	965
751	969
751	980
751	988
751	991
752	186
752	377
752	507
752	719
752	739
752	816
752	866
752	900
752	933
752	937
752	996
753	289
753	744
753	756
753	790
753	864
753	878
753	894
753	900
753	982
753	991
753	998
754	52
754	65
754	232
754	321
754	508
754	649
754	719
754	838
754	908
754	947
754	977
755	24
755	579
755	619
755	634
755	857
755	861
755	883
755	901
755	957
755	984
755	998
756	55
756	245
756	390
756	502
756	539
756	549
756	753
756	939
756	966
756	971
756	976
757	73
757	274
757	470
757	498
757	651
757	682
757	816
757	832
757	888
757	932
757	997
758	129
758	210
758	526
758	529
758	801
758	853
758	854
758	867
758	926
758	975
758	978
759	215
759	398
759	412
759	502
759	651
759	733
759	745
759	867
759	881
759	928
759	951
760	91
760	260
760	338
760	570
760	690
760	728
760	763
760	923
760	966
760	981
760	990
760	1000
761	511
761	522
761	546
761	577
761	601
761	660
761	813
761	871
761	875
761	939
761	940
761	969
762	548
762	624
762	634
762	646
762	654
762	667
762	717
762	803
762	812
762	848
762	926
762	957
763	163
763	387
763	586
763	604
763	627
763	760
763	856
763	910
763	973
763	981
763	990
763	999
764	59
764	333
764	506
764	595
764	693
764	698
764	724
764	742
764	771
764	819
764	890
764	929
765	106
765	286
765	474
765	484
765	639
765	697
765	841
765	909
765	950
765	958
765	970
765	999
766	102
766	123
766	274
766	296
766	414
766	603
766	776
766	860
766	886
766	965
766	991
766	997
767	36
767	712
767	842
767	848
767	900
767	914
767	915
767	917
767	931
767	933
767	978
767	996
768	645
768	712
768	749
768	791
768	805
768	854
768	902
768	903
768	921
768	935
768	952
768	978
769	134
769	632
769	657
769	855
769	864
769	872
769	935
769	948
769	967
769	972
769	990
769	1000
770	312
770	411
770	497
770	597
770	771
770	850
770	865
770	889
770	891
770	957
770	992
770	996
771	37
771	390
771	416
771	420
771	467
771	584
771	589
771	764
771	770
771	880
771	983
771	994
772	87
772	102
772	406
772	690
772	734
772	844
772	894
772	926
772	930
772	962
772	969
772	996
773	345
773	372
773	409
773	447
773	594
773	635
773	638
773	650
773	684
773	866
773	958
773	976
774	76
774	150
774	389
774	459
774	608
774	644
774	666
774	673
774	892
774	945
774	987
774	998
775	36
775	117
775	127
775	409
775	490
775	590
775	732
775	749
775	903
775	912
775	922
775	986
776	589
776	734
776	766
776	796
776	865
776	870
776	913
776	917
776	924
776	942
776	996
776	997
777	277
777	298
777	405
777	511
777	526
777	609
777	672
777	815
777	846
777	876
777	965
777	998
778	136
778	249
778	648
778	695
778	731
778	734
778	876
778	898
778	917
778	962
778	992
778	997
779	149
779	198
779	310
779	599
779	638
779	885
779	910
779	918
779	944
779	949
779	966
779	976
780	130
780	242
780	418
780	498
780	876
780	907
780	943
780	964
780	980
780	989
780	991
780	997
781	392
781	540
781	744
781	803
781	835
781	884
781	889
781	940
781	973
781	990
781	993
781	994
782	30
782	289
782	332
782	420
782	554
782	727
782	747
782	878
782	903
782	919
782	973
782	998
783	319
783	333
783	358
783	485
783	566
783	600
783	701
783	712
783	833
783	895
783	918
783	942
784	1
784	83
784	211
784	550
784	854
784	861
784	919
784	980
784	985
784	986
784	988
784	989
785	153
785	217
785	228
785	290
785	378
785	414
785	442
785	672
785	891
785	933
785	983
785	996
785	999
786	252
786	295
786	454
786	458
786	479
786	567
786	589
786	615
786	702
786	957
786	963
786	968
786	990
787	40
787	60
787	216
787	512
787	565
787	749
787	873
787	916
787	922
787	936
787	959
787	978
787	992
788	116
788	166
788	229
788	509
788	588
788	602
788	686
788	705
788	827
788	883
788	904
788	941
788	983
789	34
789	40
789	92
789	329
789	569
789	639
789	645
789	721
789	799
789	882
789	902
789	963
789	991
790	145
790	223
790	753
790	875
790	905
790	943
790	955
790	967
790	983
790	985
790	988
790	989
790	991
791	48
791	120
791	137
791	316
791	557
791	642
791	702
791	768
791	847
791	924
791	929
791	941
791	944
792	80
792	124
792	532
792	624
792	701
792	713
792	742
792	837
792	942
792	972
792	980
792	990
792	1000
793	382
793	399
793	448
793	517
793	738
793	816
793	862
793	887
793	908
793	954
793	967
793	977
793	986
794	244
794	281
794	292
794	376
794	496
794	713
794	804
794	818
794	829
794	836
794	877
794	983
794	986
795	1
795	6
795	54
795	114
795	177
795	235
795	345
795	905
795	921
795	945
795	951
795	969
795	980
796	260
796	378
796	437
796	601
796	621
796	750
796	776
796	859
796	920
796	923
796	948
796	979
796	990
797	178
797	434
797	489
797	606
797	623
797	655
797	856
797	867
797	875
797	951
797	959
797	969
797	973
798	105
798	375
798	414
798	524
798	624
798	856
798	869
798	891
798	903
798	939
798	962
798	965
798	997
799	19
799	25
799	268
799	388
799	567
799	604
799	621
799	789
799	879
799	932
799	948
799	959
799	1000
800	5
800	280
800	328
800	362
800	723
800	878
800	922
800	924
800	938
800	957
800	968
800	972
800	990
801	117
801	142
801	267
801	550
801	615
801	647
801	667
801	717
801	758
801	819
801	828
801	876
801	975
802	128
802	281
802	369
802	423
802	609
802	917
802	924
802	934
802	939
802	944
802	962
802	963
802	996
803	14
803	242
803	443
803	646
803	762
803	781
803	806
803	813
803	819
803	841
803	868
803	946
803	975
804	181
804	253
804	352
804	737
804	794
804	812
804	853
804	860
804	937
804	963
804	972
804	989
804	1000
805	527
805	548
805	581
805	586
805	768
805	861
805	896
805	923
805	933
805	956
805	981
805	990
805	1000
806	159
806	195
806	291
806	349
806	486
806	636
806	672
806	708
806	803
806	891
806	953
806	969
806	975
807	22
807	114
807	159
807	164
807	292
807	293
807	428
807	583
807	603
807	620
807	830
807	947
807	983
808	100
808	402
808	430
808	459
808	546
808	600
808	686
808	875
808	908
808	939
808	945
808	951
808	979
809	268
809	282
809	313
809	314
809	399
809	447
809	596
809	667
809	879
809	884
809	904
809	956
809	962
810	119
810	241
810	322
810	362
810	625
810	705
810	839
810	872
810	890
810	900
810	939
810	963
810	986
811	46
811	247
811	585
811	669
811	737
811	838
811	850
811	907
811	916
811	925
811	964
811	979
811	981
811	992
812	151
812	355
812	542
812	601
812	623
812	726
812	762
812	804
812	835
812	918
812	940
812	973
812	994
812	995
813	53
813	98
813	204
813	263
813	319
813	585
813	761
813	803
813	890
813	925
813	970
813	971
813	974
813	992
814	9
814	187
814	283
814	380
814	404
814	458
814	570
814	637
814	644
814	649
814	666
814	735
814	908
814	931
815	28
815	107
815	390
815	577
815	583
815	667
815	725
815	737
815	777
815	907
815	918
815	952
815	963
815	970
816	24
816	57
816	305
816	327
816	438
816	574
816	699
816	726
816	752
816	757
816	793
816	824
816	943
816	945
817	238
817	432
817	475
817	552
817	691
817	709
817	740
817	894
817	896
817	940
817	954
817	984
817	985
817	997
818	39
818	307
818	586
818	602
818	730
818	794
818	855
818	877
818	883
818	911
818	915
818	931
818	943
818	983
819	277
819	538
819	626
819	654
819	764
819	801
819	803
819	824
819	827
819	898
819	935
819	954
819	969
819	993
820	133
820	205
820	297
820	302
820	413
820	492
820	572
820	729
820	885
820	921
820	968
820	981
820	983
820	1000
821	471
821	505
821	565
821	588
821	670
821	839
821	877
821	883
821	912
821	933
821	952
821	962
821	963
821	983
822	213
822	530
822	545
822	688
822	715
822	746
822	832
822	865
822	873
822	922
822	931
822	950
822	978
822	980
823	58
823	143
823	204
823	317
823	381
823	551
823	587
823	702
823	852
823	924
823	929
823	936
823	950
823	972
824	119
824	252
824	257
824	327
824	410
824	488
824	659
824	715
824	719
824	750
824	816
824	819
824	933
824	936
825	154
825	335
825	371
825	391
825	493
825	614
825	637
825	728
825	734
825	840
825	858
825	865
825	872
825	997
826	322
826	396
826	496
826	526
826	540
826	601
826	631
826	904
826	928
826	950
826	961
826	962
826	985
826	995
827	6
827	72
827	199
827	301
827	306
827	631
827	678
827	788
827	819
827	878
827	927
827	987
827	994
827	998
828	55
828	98
828	555
828	575
828	610
828	659
828	669
828	675
828	739
828	801
828	933
828	977
828	990
828	992
829	20
829	428
829	437
829	565
829	582
829	712
829	794
829	844
829	927
829	956
829	961
829	976
829	983
829	993
830	244
830	588
830	593
830	627
830	652
830	741
830	807
830	844
830	877
830	886
830	901
830	986
830	995
830	999
831	86
831	96
831	226
831	286
831	418
831	529
831	591
831	598
831	605
831	878
831	926
831	960
831	971
831	992
832	233
832	360
832	494
832	559
832	572
832	757
832	822
832	917
832	921
832	944
832	962
832	968
832	996
832	997
832	998
833	1
833	64
833	66
833	118
833	477
833	486
833	537
833	698
833	742
833	783
833	892
833	919
833	936
833	942
833	956
834	311
834	483
834	485
834	653
834	664
834	677
834	693
834	845
834	849
834	893
834	946
834	982
834	987
834	995
834	1000
835	323
835	585
835	589
835	646
835	665
835	781
835	812
835	868
835	896
835	899
835	904
835	916
835	971
835	993
835	994
836	536
836	548
836	644
836	657
836	699
836	794
836	858
836	957
836	967
836	974
836	981
836	982
836	983
836	985
836	1000
837	151
837	289
837	306
837	309
837	460
837	477
837	600
837	610
837	656
837	724
837	792
837	890
837	907
837	935
837	942
838	544
838	560
838	563
838	754
838	811
838	868
838	897
838	907
838	937
838	941
838	959
838	963
838	982
838	991
838	998
839	187
839	299
839	482
839	484
839	519
839	647
839	685
839	810
839	821
839	895
839	928
839	945
839	953
839	954
839	999
840	11
840	133
840	267
840	360
840	419
840	421
840	466
840	476
840	598
840	635
840	712
840	825
840	891
840	892
840	986
841	110
841	201
841	252
841	351
841	512
841	520
841	639
841	765
841	803
841	903
841	922
841	950
841	971
841	978
841	998
842	212
842	227
842	294
842	383
842	414
842	611
842	618
842	653
842	677
842	748
842	749
842	767
842	875
842	960
842	996
843	373
843	397
843	543
843	651
843	655
843	724
843	725
843	856
843	863
843	925
843	952
843	955
843	971
843	974
843	981
844	27
844	337
844	433
844	575
844	595
844	629
844	636
844	741
844	747
844	772
844	829
844	830
844	917
844	939
844	983
845	328
845	439
845	470
845	567
845	692
845	714
845	834
845	876
845	878
845	927
845	935
845	973
845	981
845	988
845	997
846	12
846	339
846	485
846	525
846	635
846	743
846	777
846	878
846	888
846	901
846	973
846	979
846	981
846	982
846	987
847	10
847	89
847	262
847	461
847	519
847	721
847	722
847	728
847	791
847	848
847	862
847	932
847	963
847	972
847	973
848	104
848	185
848	435
848	762
848	767
848	847
848	865
848	896
848	924
848	929
848	936
848	944
848	958
848	972
848	980
849	17
849	236
849	272
849	367
849	431
849	834
849	867
849	872
849	875
849	924
849	939
849	956
849	969
849	970
849	991
850	70
850	190
850	277
850	416
850	587
850	597
850	641
850	710
850	739
850	770
850	811
850	880
850	936
850	942
850	958
851	15
851	115
851	338
851	399
851	446
851	531
851	612
851	629
851	711
851	916
851	919
851	926
851	940
851	944
851	984
851	994
852	22
852	324
852	432
852	505
852	537
852	634
852	739
852	823
852	865
852	881
852	888
852	916
852	924
852	929
852	936
852	944
853	350
853	365
853	427
853	583
853	594
853	618
853	689
853	758
853	804
853	897
853	923
853	937
853	952
853	953
853	979
853	981
854	102
854	312
854	320
854	376
854	542
854	569
854	573
854	662
854	700
854	743
854	758
854	768
854	784
854	882
854	905
854	978
855	261
855	288
855	533
855	647
855	697
855	769
855	818
855	895
855	909
855	924
855	927
855	954
855	970
855	990
855	997
855	999
856	67
856	88
856	98
856	398
856	614
856	625
856	763
856	797
856	798
856	843
856	864
856	890
856	911
856	974
856	985
856	989
857	257
857	289
857	330
857	436
857	609
857	650
857	666
857	673
857	680
857	755
857	901
857	936
857	950
857	957
857	973
857	998
858	174
858	194
858	335
858	340
858	482
858	520
858	536
858	685
858	718
858	738
858	825
858	836
858	903
858	954
858	970
858	999
859	44
859	110
859	131
859	140
859	260
859	402
859	560
859	699
859	701
859	796
859	907
859	921
859	948
859	968
859	980
859	989
860	67
860	105
860	138
860	279
860	370
860	450
860	590
860	730
860	766
860	804
860	902
860	903
860	915
860	955
860	964
860	978
861	43
861	206
861	234
861	382
861	465
861	755
861	784
861	805
861	928
861	943
861	980
861	985
861	986
861	988
861	989
861	991
862	84
862	248
862	303
862	548
862	675
862	683
862	692
862	793
862	847
862	917
862	920
862	951
862	957
862	972
862	982
862	987
863	43
863	237
863	322
863	344
863	415
863	482
863	625
863	715
863	750
863	843
863	910
863	938
863	948
863	964
863	979
863	992
864	243
864	422
864	495
864	580
864	753
864	769
864	856
864	871
864	872
864	903
864	935
864	939
864	945
864	993
864	994
864	996
864	998
865	15
865	240
865	625
865	725
865	728
865	770
865	776
865	822
865	825
865	848
865	852
865	907
865	929
865	936
865	944
865	972
865	987
866	459
866	514
866	522
866	535
866	574
866	689
866	732
866	746
866	748
866	752
866	773
866	910
866	918
866	937
866	966
866	973
866	976
867	1
867	210
867	240
867	385
867	420
867	531
867	623
867	654
867	660
867	758
867	759
867	797
867	849
867	894
867	935
867	970
867	974
868	82
868	95
868	119
868	300
868	563
868	803
868	835
868	838
868	883
868	907
868	932
868	937
868	963
868	979
868	984
868	985
868	993
869	88
869	176
869	218
869	448
869	451
869	576
869	613
869	675
869	683
869	706
869	723
869	728
869	798
869	901
869	960
869	973
869	987
870	273
870	275
870	312
870	357
870	395
870	520
870	664
870	703
870	714
870	738
870	776
870	873
870	875
870	882
870	902
870	922
870	979
870	984
871	172
871	412
871	469
871	558
871	565
871	632
871	638
871	692
871	718
871	761
871	864
871	915
871	951
871	956
871	969
871	972
871	981
871	987
872	294
872	313
872	326
872	422
872	546
872	574
872	705
872	769
872	810
872	825
872	849
872	864
872	904
872	935
872	956
872	990
872	993
872	998
873	12
873	251
873	490
873	509
873	551
873	586
873	658
873	787
873	822
873	870
873	896
873	897
873	902
873	905
873	925
873	967
873	978
873	984
874	48
874	138
874	200
874	290
874	366
874	455
874	460
874	516
874	549
874	692
874	706
874	732
874	915
874	928
874	929
874	937
874	957
874	990
875	406
875	523
875	582
875	700
875	711
875	721
875	761
875	790
875	797
875	808
875	842
875	849
875	870
875	935
875	965
875	969
875	973
875	977
876	291
876	405
876	475
876	618
876	626
876	672
876	717
876	777
876	778
876	780
876	801
876	845
876	906
876	926
876	930
876	961
876	971
876	975
877	85
877	97
877	109
877	231
877	306
877	323
877	401
877	454
877	591
877	652
877	691
877	794
877	818
877	821
877	830
877	884
877	910
877	953
877	983
878	53
878	97
878	163
878	193
878	458
878	554
878	620
878	744
878	753
878	782
878	800
878	827
878	831
878	845
878	846
878	925
878	953
878	982
878	990
879	95
879	222
879	355
879	386
879	389
879	403
879	544
879	611
879	613
879	622
879	740
879	799
879	809
879	899
879	950
879	975
879	976
879	993
879	995
880	233
880	284
880	403
880	541
880	559
880	578
880	589
880	641
880	643
880	710
880	718
880	771
880	850
880	903
880	958
880	961
880	978
880	982
880	984
881	33
881	434
881	438
881	579
881	598
881	759
881	852
881	883
881	905
881	930
881	934
881	949
881	955
881	964
881	971
881	985
881	986
881	988
881	991
882	32
882	78
882	106
882	122
882	391
882	418
882	431
882	510
882	525
882	690
882	713
882	789
882	854
882	870
882	903
882	905
882	966
882	978
882	994
883	51
883	116
883	307
883	337
883	401
883	409
883	548
883	588
883	602
883	686
883	755
883	788
883	818
883	821
883	868
883	881
883	929
883	978
883	996
884	322
884	513
884	605
884	674
884	700
884	781
884	809
884	877
884	896
884	901
884	910
884	919
884	926
884	937
884	953
884	992
884	993
884	994
884	995
885	16
885	89
885	224
885	255
885	286
885	295
885	296
885	377
885	481
885	512
885	615
885	634
885	708
885	779
885	820
885	923
885	953
885	968
885	981
885	1000
886	86
886	87
886	123
886	245
886	384
886	400
886	436
886	646
886	678
886	766
886	830
886	910
886	918
886	925
886	949
886	955
886	966
886	975
886	976
886	998
887	71
887	76
887	186
887	290
887	394
887	398
887	476
887	566
887	659
887	720
887	736
887	793
887	933
887	946
887	951
887	961
887	974
887	977
887	984
887	997
888	178
888	294
888	314
888	371
888	420
888	544
888	635
888	712
888	727
888	730
888	744
888	757
888	846
888	852
888	904
888	928
888	932
888	965
888	977
888	986
889	25
889	81
889	127
889	180
889	490
889	770
889	781
889	892
889	893
889	898
889	901
889	907
889	911
889	927
889	965
889	975
889	981
889	984
889	987
889	998
890	149
890	237
890	269
890	287
890	423
890	488
890	562
890	576
890	613
890	764
890	810
890	813
890	837
890	856
890	911
890	925
890	930
890	946
890	949
890	960
891	85
891	132
891	166
891	411
891	460
891	483
891	557
891	617
891	620
891	638
891	641
891	643
891	770
891	785
891	798
891	806
891	840
891	958
891	961
891	973
892	185
892	299
892	364
892	408
892	429
892	536
892	686
892	744
892	774
892	833
892	840
892	889
892	900
892	920
892	957
892	973
892	977
892	987
892	990
892	1000
893	180
893	254
893	332
893	340
893	374
893	455
893	525
893	630
893	834
893	889
893	900
893	951
893	959
893	967
893	969
893	975
893	976
893	984
893	991
893	996
894	444
894	612
894	629
894	703
894	753
894	772
894	817
894	867
894	896
894	898
894	899
894	904
894	932
894	950
894	953
894	986
894	993
894	994
894	995
894	1000
895	175
895	223
895	336
895	373
895	484
895	565
895	668
895	740
895	745
895	783
895	839
895	855
895	903
895	909
895	930
895	954
895	970
895	971
895	975
895	999
896	281
896	304
896	438
896	528
896	550
896	642
896	694
896	805
896	817
896	835
896	848
896	873
896	884
896	894
896	911
896	919
896	935
896	959
896	974
896	994
897	17
897	211
897	261
897	284
897	310
897	444
897	511
897	651
897	745
897	838
897	853
897	873
897	899
897	907
897	916
897	950
897	952
897	963
897	979
897	991
898	44
898	209
898	405
898	415
898	532
898	538
898	628
898	708
898	778
898	819
898	889
898	894
898	925
898	926
898	940
898	941
898	967
898	982
898	990
898	991
899	156
899	157
899	169
899	400
899	461
899	648
899	661
899	665
899	694
899	700
899	835
899	879
899	894
899	897
899	959
899	969
899	993
899	995
899	996
899	997
900	45
900	321
900	379
900	522
900	631
900	696
900	746
900	752
900	753
900	767
900	810
900	892
900	893
900	911
900	923
900	950
900	954
900	957
900	972
900	980
900	998
901	101
901	109
901	185
901	575
901	619
901	670
901	755
901	830
901	846
901	857
901	869
901	884
901	889
901	902
901	926
901	927
901	954
901	982
901	989
901	994
901	998
902	35
902	171
902	253
902	490
902	520
902	552
902	661
902	733
902	746
902	768
902	789
902	860
902	870
902	873
902	901
902	905
902	912
902	918
902	929
902	935
902	991
903	160
903	250
903	512
903	551
903	639
903	750
903	768
903	775
903	782
903	798
903	841
903	858
903	860
903	864
903	880
903	882
903	895
903	922
903	978
903	981
903	985
904	229
904	501
904	534
904	601
904	623
904	709
904	743
904	788
904	809
904	826
904	835
904	872
904	888
904	894
904	923
904	933
904	940
904	950
904	952
904	953
904	966
905	37
905	105
905	161
905	165
905	284
905	398
905	533
905	580
905	645
905	688
905	746
905	790
905	795
905	854
905	873
905	881
905	882
905	902
905	912
905	945
905	978
906	7
906	246
906	272
906	278
906	340
906	552
906	556
906	576
906	636
906	708
906	750
906	876
906	911
906	912
906	913
906	924
906	933
906	946
906	977
906	990
906	991
906	999
907	111
907	166
907	195
907	315
907	458
907	583
907	592
907	597
907	780
907	811
907	815
907	837
907	838
907	859
907	865
907	868
907	889
907	897
907	919
907	920
907	941
907	979
908	3
908	57
908	123
908	270
908	545
908	559
908	579
908	592
908	644
908	652
908	660
908	735
908	754
908	793
908	808
908	814
908	918
908	930
908	947
908	952
908	978
908	989
909	179
909	373
909	406
909	459
909	474
909	567
909	604
909	633
909	685
909	697
909	703
909	765
909	855
909	895
909	940
909	954
909	964
909	969
909	970
909	972
909	990
909	999
910	33
910	114
910	417
910	459
910	526
910	611
910	665
910	672
910	697
910	748
910	763
910	779
910	863
910	866
910	877
910	884
910	886
910	913
910	918
910	938
910	949
910	958
910	993
911	25
911	366
911	503
911	517
911	576
911	661
911	715
911	721
911	818
911	856
911	889
911	890
911	896
911	900
911	906
911	925
911	938
911	942
911	960
911	962
911	965
911	971
911	992
912	21
912	138
912	216
912	310
912	405
912	520
912	542
912	590
912	639
912	718
912	749
912	775
912	821
912	902
912	905
912	906
912	913
912	917
912	922
912	933
912	952
912	978
912	981
913	44
913	181
913	264
913	361
913	426
913	499
913	572
913	624
913	626
913	677
913	731
913	776
913	906
913	910
913	912
913	917
913	934
913	939
913	960
913	962
913	972
913	996
913	997
914	4
914	8
914	171
914	219
914	359
914	426
914	477
914	506
914	621
914	637
914	661
914	727
914	767
914	932
914	934
914	948
914	961
914	969
914	971
914	976
914	978
914	987
914	996
914	997
915	50
915	216
915	258
915	343
915	440
915	452
915	568
915	575
915	663
915	676
915	682
915	699
915	732
915	745
915	767
915	818
915	860
915	871
915	874
915	922
915	928
915	931
915	958
915	976
916	68
916	82
916	126
916	491
916	514
916	584
916	725
916	731
916	737
916	787
916	811
916	835
916	851
916	852
916	897
916	923
916	937
916	941
916	952
916	955
916	963
916	972
916	979
916	988
917	116
917	180
917	205
917	262
917	581
917	637
917	676
917	707
917	767
917	776
917	778
917	802
917	832
917	844
917	862
917	912
917	913
917	942
917	943
917	962
917	965
917	977
917	995
917	997
918	33
918	241
918	324
918	429
918	525
918	611
918	680
918	689
918	695
918	779
918	783
918	812
918	815
918	866
918	886
918	902
918	908
918	910
918	926
918	949
918	953
918	959
918	960
918	966
918	976
919	24
919	107
919	121
919	265
919	341
919	443
919	464
919	540
919	601
919	633
919	648
919	720
919	733
919	782
919	784
919	833
919	851
919	884
919	896
919	907
919	929
919	968
919	986
919	993
919	1000
920	3
920	8
920	25
920	278
920	321
920	328
920	350
920	408
920	452
920	577
920	629
920	637
920	642
920	692
920	705
920	736
920	796
920	862
920	892
920	907
920	927
920	987
920	990
920	998
920	999
921	144
921	343
921	373
921	402
921	453
921	478
921	499
921	515
921	551
921	657
921	699
921	714
921	725
921	768
921	795
921	820
921	832
921	859
921	927
921	948
921	962
921	967
921	995
921	996
921	1000
922	92
922	153
922	307
922	357
922	465
922	508
922	551
922	588
922	590
922	727
922	775
922	787
922	800
922	822
922	841
922	870
922	903
922	912
922	915
922	941
922	967
922	968
922	975
922	978
922	979
923	58
923	251
923	388
923	402
923	512
923	654
923	671
923	724
923	729
923	760
923	796
923	805
923	853
923	885
923	900
923	904
923	916
923	924
923	925
923	946
923	968
923	977
923	981
923	990
923	994
923	1000
924	18
924	49
924	55
924	130
924	487
924	634
924	704
924	728
924	735
924	776
924	791
924	800
924	802
924	823
924	848
924	849
924	852
924	855
924	906
924	923
924	929
924	936
924	944
924	948
924	970
924	972
925	80
925	88
925	245
925	344
925	396
925	553
925	598
925	679
925	682
925	714
925	716
925	811
925	813
925	843
925	873
925	878
925	886
925	890
925	898
925	911
925	923
925	938
925	960
925	968
925	971
925	985
926	242
926	274
926	311
926	397
926	404
926	507
926	548
926	599
926	667
926	681
926	708
926	709
926	758
926	762
926	772
926	831
926	851
926	876
926	884
926	898
926	901
926	918
926	975
926	983
926	989
926	995
927	46
927	72
927	154
927	387
927	388
927	439
927	449
927	488
927	518
927	630
927	631
927	704
927	716
927	827
927	829
927	845
927	855
927	889
927	901
927	920
927	921
927	941
927	958
927	959
927	982
927	994
928	192
928	198
928	227
928	273
928	455
928	472
928	556
928	568
928	575
928	607
928	615
928	663
928	676
928	745
928	759
928	826
928	839
928	861
928	874
928	888
928	915
928	931
928	940
928	951
928	957
928	973
929	140
929	170
929	236
929	394
929	537
929	634
929	643
929	683
929	722
929	764
929	791
929	823
929	848
929	852
929	865
929	874
929	883
929	902
929	919
929	924
929	940
929	944
929	946
929	972
929	982
929	987
930	253
930	391
930	397
930	469
930	503
930	521
930	687
930	711
930	772
930	876
930	881
930	890
930	895
930	908
930	934
930	943
930	950
930	961
930	964
930	971
930	979
930	980
930	985
930	986
930	988
930	989
930	991
931	27
931	50
931	91
931	146
931	227
931	343
931	358
931	427
931	569
931	607
931	663
931	676
931	730
931	745
931	748
931	767
931	814
931	818
931	822
931	915
931	928
931	951
931	971
931	989
931	992
931	996
931	1000
932	40
932	413
932	419
932	431
932	468
932	473
932	506
932	518
932	581
932	609
932	627
932	631
932	676
932	706
932	757
932	799
932	847
932	868
932	888
932	894
932	914
932	962
932	963
932	965
932	978
932	987
932	997
933	177
933	218
933	382
933	393
933	430
933	547
933	556
933	635
933	636
933	669
933	717
933	741
933	751
933	752
933	767
933	785
933	805
933	821
933	824
933	828
933	887
933	904
933	906
933	912
933	942
933	967
933	988
934	262
934	295
934	301
934	305
934	323
934	374
934	497
934	553
934	573
934	587
934	611
934	671
934	742
934	802
934	881
934	913
934	914
934	930
934	943
934	961
934	980
934	985
934	986
934	988
934	989
934	991
934	995
935	318
935	326
935	368
935	398
935	441
935	580
935	734
935	768
935	769
935	819
935	837
935	845
935	864
935	867
935	872
935	875
935	896
935	902
935	938
935	945
935	950
935	951
935	956
935	969
935	973
935	992
935	993
935	1000
936	136
936	139
936	188
936	383
936	394
936	396
936	407
936	537
936	702
936	704
936	716
936	747
936	787
936	823
936	824
936	833
936	848
936	850
936	852
936	857
936	865
936	924
936	943
936	944
936	972
936	974
936	980
936	985
937	39
937	68
937	91
937	96
937	334
937	415
937	585
937	618
937	675
937	689
937	737
937	739
937	752
937	804
937	838
937	853
937	866
937	868
937	874
937	884
937	916
937	951
937	952
937	958
937	963
937	974
937	979
937	997
938	32
938	60
938	67
938	220
938	266
938	434
938	543
938	576
938	616
938	641
938	644
938	655
938	675
938	682
938	715
938	716
938	800
938	863
938	910
938	911
938	925
938	935
938	943
938	957
938	959
938	960
938	968
938	992
939	34
939	363
939	425
939	448
939	469
939	489
939	518
939	562
939	573
939	656
939	679
939	756
939	761
939	798
939	802
939	808
939	810
939	844
939	849
939	864
939	913
939	951
939	961
939	962
939	969
939	974
939	978
939	998
940	51
940	215
940	259
940	283
940	341
940	402
940	403
940	491
940	501
940	649
940	700
940	711
940	733
940	740
940	761
940	781
940	812
940	817
940	851
940	898
940	904
940	909
940	928
940	929
940	942
940	953
940	965
940	983
940	993
941	28
941	61
941	95
941	172
941	211
941	334
941	352
941	390
941	433
941	509
941	515
941	563
941	592
941	618
941	690
941	725
941	788
941	791
941	838
941	898
941	907
941	916
941	922
941	927
941	944
941	949
941	952
941	979
941	995
942	31
942	59
942	118
942	306
942	309
942	371
942	438
942	445
942	464
942	564
942	600
942	693
942	698
942	713
942	724
942	776
942	783
942	792
942	833
942	837
942	850
942	911
942	917
942	933
942	940
942	970
942	988
942	990
942	993
943	56
943	75
943	139
943	281
943	446
943	484
943	645
943	718
943	740
943	780
943	790
943	816
943	818
943	861
943	917
943	930
943	934
943	936
943	938
943	953
943	955
943	961
943	964
943	985
943	986
943	988
943	989
943	991
943	992
943	1000
944	58
944	64
944	137
944	164
944	389
944	487
944	503
944	519
944	653
944	670
944	702
944	722
944	728
944	779
944	791
944	802
944	832
944	848
944	851
944	852
944	865
944	924
944	929
944	936
944	941
944	945
944	972
944	984
944	996
944	997
945	33
945	34
945	73
945	160
945	259
945	318
945	420
945	473
945	527
945	569
945	612
945	616
945	641
945	655
945	673
945	684
945	724
945	774
945	795
945	808
945	816
945	839
945	864
945	905
945	935
945	944
945	956
945	966
945	969
945	982
946	29
946	188
946	228
946	229
946	340
946	364
946	382
946	407
946	410
946	462
946	467
946	491
946	656
946	659
946	670
946	720
946	737
946	743
946	803
946	834
946	887
946	890
946	906
946	923
946	929
946	954
946	961
946	964
946	991
946	997
947	9
947	123
947	124
947	144
947	161
947	168
947	181
947	236
947	239
947	265
947	270
947	273
947	353
947	380
947	410
947	571
947	579
947	621
947	644
947	707
947	720
947	734
947	735
947	754
947	807
947	908
947	954
947	957
947	960
947	993
947	994
948	14
948	42
948	89
948	230
948	328
948	370
948	373
948	378
948	423
948	451
948	567
948	602
948	665
948	671
948	741
948	769
948	796
948	799
948	859
948	863
948	914
948	921
948	924
948	951
948	954
948	977
948	978
948	981
948	982
948	987
948	990
949	113
949	192
949	245
949	302
949	384
949	426
949	460
949	514
949	555
949	581
949	606
949	611
949	680
949	685
949	689
949	703
949	748
949	779
949	881
949	886
949	890
949	910
949	918
949	941
949	952
949	964
949	971
949	976
949	987
949	991
949	992
950	98
950	202
950	238
950	297
950	313
950	322
950	376
950	385
950	389
950	407
950	411
950	765
950	822
950	823
950	826
950	841
950	857
950	879
950	894
950	897
950	900
950	904
950	930
950	935
950	953
950	961
950	982
950	992
950	994
950	995
950	997
951	37
951	41
951	119
951	135
951	217
951	361
951	412
951	430
951	523
951	573
951	616
951	660
951	759
951	795
951	797
951	808
951	862
951	871
951	887
951	893
951	928
951	931
951	935
951	937
951	939
951	948
951	956
951	969
951	979
951	986
951	991
952	39
952	63
952	134
952	195
952	215
952	304
952	342
952	350
952	352
952	363
952	499
952	584
952	617
952	628
952	643
952	699
952	715
952	768
952	815
952	821
952	843
952	853
952	897
952	904
952	908
952	912
952	916
952	937
952	941
952	949
952	963
952	979
953	67
953	268
953	271
953	304
953	401
953	461
953	528
953	534
953	550
953	554
953	694
953	711
953	806
953	839
953	853
953	877
953	878
953	884
953	885
953	894
953	904
953	918
953	940
953	943
953	950
953	956
953	966
953	977
953	993
953	994
953	995
953	1000
954	131
954	174
954	225
954	354
954	401
954	417
954	432
954	534
954	587
954	633
954	645
954	647
954	668
954	697
954	710
954	793
954	817
954	819
954	839
954	855
954	858
954	895
954	900
954	901
954	909
954	946
954	947
954	948
954	964
954	970
954	992
954	994
954	999
955	48
955	139
955	170
955	282
955	323
955	378
955	490
955	531
955	544
955	576
955	605
955	617
955	658
955	662
955	696
955	704
955	790
955	843
955	860
955	881
955	886
955	916
955	943
955	957
955	962
955	964
955	977
955	980
955	985
955	986
955	988
955	989
955	991
956	30
956	41
956	81
956	158
956	241
956	258
956	441
956	448
956	480
956	489
956	523
956	531
956	590
956	616
956	651
956	657
956	676
956	707
956	805
956	809
956	829
956	833
956	849
956	871
956	872
956	935
956	945
956	951
956	953
956	961
956	975
956	994
956	1000
957	45
957	167
957	244
957	280
957	332
957	412
957	442
957	607
957	629
957	642
957	678
957	702
957	725
957	755
957	762
957	770
957	786
957	800
957	836
957	857
957	862
957	874
957	892
957	900
957	928
957	938
957	947
957	955
957	967
957	984
957	987
957	995
957	998
958	37
958	168
958	184
958	208
958	209
958	258
958	291
958	402
958	416
958	435
958	447
958	467
958	476
958	494
958	507
958	521
958	587
958	638
958	640
958	650
958	692
958	710
958	746
958	765
958	773
958	848
958	850
958	880
958	891
958	910
958	915
958	927
958	937
959	2
959	62
959	135
959	189
959	197
959	374
959	483
959	487
959	489
959	525
959	545
959	568
959	612
959	678
959	731
959	787
959	797
959	799
959	838
959	893
959	896
959	899
959	918
959	927
959	938
959	968
959	973
959	978
959	982
959	984
959	987
959	989
959	998
960	90
960	122
960	205
960	220
960	270
960	298
960	405
960	436
960	440
960	497
960	517
960	524
960	562
960	580
960	640
960	715
960	721
960	747
960	831
960	842
960	869
960	890
960	911
960	913
960	918
960	925
960	938
960	947
960	965
960	971
960	974
960	987
960	992
960	999
961	99
961	117
961	305
961	325
961	418
961	499
961	605
961	606
961	658
961	696
961	735
961	744
961	751
961	826
961	829
961	876
961	880
961	887
961	891
961	914
961	930
961	934
961	939
961	943
961	946
961	950
961	956
961	976
961	980
961	985
961	986
961	989
961	991
961	1000
962	94
962	124
962	219
962	296
962	417
962	434
962	498
962	504
962	572
962	643
962	701
962	717
962	772
962	778
962	798
962	802
962	809
962	821
962	826
962	832
962	911
962	913
962	917
962	921
962	932
962	939
962	955
962	965
962	973
962	974
962	978
962	980
962	992
962	996
962	997
963	129
963	197
963	199
963	237
963	253
963	349
963	419
963	458
963	533
963	541
963	584
963	585
963	592
963	602
963	632
963	668
963	725
963	736
963	786
963	789
963	802
963	804
963	810
963	815
963	821
963	838
963	847
963	868
963	897
963	916
963	932
963	937
963	952
963	973
963	994
964	43
964	75
964	128
964	161
964	199
964	254
964	323
964	342
964	352
964	388
964	571
964	577
964	658
964	687
964	780
964	811
964	860
964	863
964	881
964	909
964	930
964	943
964	946
964	949
964	954
964	955
964	968
964	978
964	980
964	985
964	986
964	988
964	989
964	991
964	999
965	9
965	15
965	65
965	146
965	148
965	250
965	336
965	361
965	413
965	456
965	471
965	500
965	504
965	506
965	581
965	624
965	700
965	707
965	712
965	751
965	766
965	777
965	798
965	875
965	888
965	889
965	911
965	917
965	932
965	940
965	960
965	962
965	970
965	986
965	993
966	103
966	114
966	158
966	175
966	196
966	263
966	292
966	302
966	400
966	443
966	460
966	475
966	514
966	539
966	549
966	570
966	647
966	657
966	680
966	689
966	748
966	756
966	760
966	779
966	866
966	882
966	886
966	904
966	918
966	945
966	953
966	967
966	970
966	976
966	977
966	991
967	46
967	163
967	169
967	173
967	223
967	243
967	261
967	293
967	315
967	384
967	423
967	451
967	478
967	536
967	616
967	630
967	632
967	729
967	739
967	769
967	790
967	793
967	836
967	873
967	893
967	898
967	921
967	922
967	933
967	957
967	966
967	979
967	986
967	990
967	998
967	1000
968	28
968	63
968	64
968	72
968	243
968	254
968	261
968	275
968	315
968	354
968	367
968	453
968	467
968	492
968	527
968	578
968	693
968	714
968	726
968	786
968	800
968	820
968	832
968	859
968	885
968	919
968	922
968	923
968	925
968	938
968	959
968	964
968	978
968	981
968	987
968	990
968	1000
969	56
969	120
969	125
969	194
969	356
969	398
969	431
969	508
969	558
969	668
969	673
969	694
969	697
969	699
969	710
969	751
969	761
969	772
969	795
969	797
969	806
969	819
969	849
969	871
969	875
969	893
969	899
969	909
969	914
969	935
969	939
969	945
969	951
969	989
969	992
969	995
969	997
970	60
970	71
970	163
970	179
970	219
970	288
970	314
970	324
970	351
970	432
970	441
970	474
970	534
970	619
970	633
970	647
970	668
970	696
970	697
970	738
970	744
970	745
970	765
970	813
970	815
970	849
970	855
970	858
970	867
970	895
970	909
970	924
970	942
970	954
970	965
970	966
970	988
970	999
971	11
971	224
971	287
971	309
971	346
971	418
971	465
971	488
971	496
971	503
971	598
971	606
971	625
971	671
971	721
971	740
971	747
971	750
971	756
971	813
971	831
971	835
971	841
971	843
971	876
971	881
971	895
971	911
971	914
971	925
971	930
971	931
971	949
971	960
971	974
971	977
971	992
971	1000
972	10
972	49
972	139
972	188
972	316
972	320
972	372
972	407
972	487
972	513
972	561
972	596
972	611
972	634
972	697
972	702
972	704
972	722
972	769
972	792
972	800
972	804
972	823
972	847
972	848
972	862
972	865
972	871
972	900
972	909
972	913
972	916
972	924
972	929
972	936
972	944
972	976
972	986
972	995
973	65
973	66
973	104
973	213
973	235
973	267
973	330
973	387
973	461
973	522
973	613
973	659
973	683
973	707
973	763
973	781
973	782
973	797
973	812
973	845
973	846
973	847
973	857
973	866
973	869
973	875
973	891
973	892
973	928
973	935
973	959
973	962
973	963
973	982
973	984
973	985
973	988
973	993
973	998
974	7
974	96
974	101
974	143
974	263
974	266
974	418
974	455
974	513
974	547
974	627
974	655
974	674
974	682
974	683
974	698
974	713
974	715
974	716
974	721
974	737
974	813
974	836
974	843
974	856
974	867
974	887
974	896
974	936
974	937
974	939
974	960
974	962
974	971
974	975
974	979
974	980
974	984
974	992
975	44
975	77
975	182
975	210
975	309
975	342
975	532
975	533
975	538
975	540
975	550
975	564
975	599
975	628
975	654
975	656
975	667
975	681
975	708
975	716
975	717
975	729
975	742
975	758
975	801
975	803
975	806
975	876
975	879
975	886
975	889
975	893
975	895
975	922
975	926
975	956
975	974
975	994
975	996
975	999
976	103
976	149
976	192
976	196
976	226
976	242
976	243
976	302
976	330
976	339
976	347
976	424
976	435
976	436
976	444
976	500
976	514
976	533
976	549
976	590
976	611
976	680
976	731
976	748
976	756
976	773
976	779
976	829
976	866
976	879
976	886
976	893
976	914
976	915
976	918
976	949
976	961
976	966
976	972
976	984
976	987
977	21
977	49
977	113
977	155
977	206
977	212
977	257
977	278
977	299
977	329
977	340
977	433
977	448
977	476
977	554
977	574
977	610
977	636
977	654
977	694
977	711
977	720
977	730
977	739
977	750
977	754
977	793
977	828
977	875
977	887
977	888
977	892
977	906
977	917
977	923
977	948
977	953
977	955
977	966
977	971
977	998
978	78
978	288
978	320
978	350
978	485
978	494
978	510
978	522
978	530
978	632
978	662
978	688
978	746
978	749
978	758
978	767
978	768
978	787
978	822
978	841
978	854
978	860
978	873
978	880
978	882
978	883
978	903
978	905
978	908
978	912
978	914
978	922
978	932
978	939
978	948
978	959
978	962
978	964
978	968
978	981
978	993
979	17
979	56
979	63
979	206
979	215
979	231
979	234
979	240
979	247
979	249
979	285
979	417
979	458
979	502
979	545
979	583
979	585
979	595
979	618
979	681
979	725
979	733
979	796
979	808
979	811
979	846
979	853
979	863
979	868
979	870
979	897
979	907
979	916
979	922
979	930
979	937
979	941
979	951
979	952
979	967
979	974
980	51
980	79
980	254
980	287
980	319
980	442
980	445
980	478
980	521
980	572
980	606
980	696
980	715
980	720
980	727
980	748
980	751
980	780
980	784
980	792
980	795
980	822
980	848
980	859
980	861
980	900
980	930
980	934
980	936
980	955
980	961
980	962
980	964
980	974
980	985
980	986
980	988
980	989
980	991
980	995
980	997
981	46
981	66
981	93
981	103
981	191
981	201
981	286
981	334
981	360
981	365
981	499
981	548
981	557
981	560
981	566
981	567
981	615
981	622
981	708
981	714
981	749
981	760
981	763
981	805
981	811
981	820
981	836
981	843
981	845
981	846
981	853
981	871
981	885
981	889
981	903
981	912
981	923
981	948
981	968
981	978
981	988
981	1000
982	5
982	70
982	79
982	152
982	272
982	379
982	492
982	505
982	517
982	532
982	546
982	554
982	590
982	608
982	619
982	621
982	666
982	686
982	723
982	744
982	749
982	753
982	834
982	836
982	838
982	846
982	862
982	878
982	880
982	898
982	901
982	927
982	929
982	945
982	948
982	950
982	959
982	973
982	984
982	987
982	996
982	998
983	54
983	81
983	83
983	183
983	207
983	210
983	213
983	231
983	293
983	317
983	393
983	433
983	437
983	451
983	454
983	520
983	569
983	591
983	595
983	606
983	621
983	660
983	695
983	731
983	741
983	771
983	785
983	788
983	790
983	794
983	807
983	818
983	820
983	821
983	829
983	836
983	844
983	877
983	926
983	940
983	987
983	993
983	999
984	79
984	109
984	127
984	147
984	235
984	276
984	285
984	320
984	321
984	399
984	411
984	485
984	522
984	572
984	577
984	582
984	608
984	616
984	648
984	666
984	683
984	736
984	755
984	817
984	851
984	868
984	870
984	873
984	880
984	887
984	889
984	893
984	944
984	957
984	959
984	973
984	974
984	976
984	982
984	987
984	995
984	997
984	998
985	11
985	51
985	69
985	99
985	117
985	121
985	202
985	223
985	256
985	276
985	282
985	321
985	441
985	493
985	521
985	594
985	677
985	697
985	740
985	784
985	790
985	817
985	826
985	836
985	856
985	861
985	868
985	881
985	903
985	925
985	930
985	934
985	936
985	943
985	955
985	961
985	964
985	973
985	980
985	986
985	987
985	988
985	997
986	42
986	69
986	78
986	79
986	90
986	93
986	130
986	189
986	367
986	434
986	453
986	515
986	568
986	577
986	649
986	696
986	709
986	775
986	784
986	793
986	794
986	810
986	830
986	840
986	861
986	881
986	888
986	894
986	919
986	930
986	934
986	943
986	951
986	955
986	961
986	964
986	965
986	967
986	972
986	980
986	985
986	988
986	989
987	65
987	84
987	154
987	280
987	370
987	476
987	484
987	588
987	613
987	627
987	630
987	672
987	674
987	675
987	728
987	736
987	774
987	827
987	834
987	846
987	862
987	865
987	869
987	871
987	889
987	892
987	914
987	920
987	929
987	932
987	948
987	949
987	957
987	959
987	960
987	968
987	976
987	982
987	983
987	984
987	985
987	990
987	991
987	998
988	11
988	18
988	57
988	170
988	182
988	214
988	218
988	282
988	310
988	358
988	372
988	424
988	546
988	555
988	605
988	652
988	687
988	711
988	720
988	722
988	751
988	784
988	790
988	845
988	861
988	881
988	916
988	930
988	933
988	934
988	942
988	943
988	955
988	964
988	970
988	973
988	980
988	981
988	985
988	986
988	989
988	993
988	999
988	1000
989	73
989	90
989	109
989	161
989	168
989	183
989	254
989	286
989	333
989	343
989	434
989	441
989	443
989	457
989	515
989	549
989	577
989	605
989	671
989	687
989	780
989	784
989	790
989	804
989	856
989	859
989	861
989	901
989	908
989	926
989	930
989	931
989	934
989	943
989	955
989	959
989	961
989	964
989	969
989	980
989	986
989	988
989	991
989	992
989	993
990	18
990	31
990	74
990	173
990	186
990	230
990	241
990	247
990	258
990	365
990	451
990	472
990	498
990	520
990	555
990	566
990	621
990	671
990	699
990	760
990	763
990	769
990	781
990	786
990	792
990	796
990	800
990	805
990	828
990	855
990	872
990	874
990	878
990	892
990	898
990	906
990	909
990	920
990	923
990	942
990	948
990	967
990	968
990	987
990	1000
991	13
991	18
991	40
991	56
991	94
991	214
991	270
991	311
991	325
991	450
991	515
991	521
991	555
991	577
991	584
991	606
991	687
991	742
991	751
991	753
991	766
991	780
991	789
991	790
991	838
991	849
991	861
991	881
991	893
991	897
991	898
991	902
991	906
991	930
991	934
991	943
991	946
991	949
991	951
991	955
991	961
991	964
991	966
991	980
991	987
991	989
992	23
992	29
992	111
992	205
992	280
992	317
992	346
992	397
992	421
992	435
992	440
992	445
992	496
992	517
992	553
992	561
992	562
992	581
992	598
992	602
992	674
992	716
992	747
992	770
992	778
992	787
992	811
992	813
992	828
992	831
992	863
992	884
992	911
992	931
992	935
992	938
992	943
992	949
992	950
992	954
992	960
992	962
992	969
992	971
992	974
992	989
993	3
993	132
993	238
993	269
993	272
993	304
993	395
993	396
993	443
993	450
993	469
993	475
993	542
993	593
993	594
993	626
993	657
993	694
993	711
993	733
993	781
993	819
993	829
993	835
993	864
993	868
993	872
993	879
993	884
993	894
993	899
993	910
993	919
993	935
993	940
993	942
993	947
993	953
993	965
993	973
993	978
993	983
993	988
993	989
993	994
993	995
994	4
994	16
994	29
994	54
994	230
994	313
994	328
994	338
994	365
994	415
994	449
994	464
994	475
994	484
994	487
994	550
994	594
994	596
994	612
994	629
994	632
994	694
994	700
994	709
994	771
994	781
994	812
994	827
994	835
994	851
994	864
994	882
994	884
994	894
994	896
994	901
994	923
994	927
994	947
994	950
994	953
994	954
994	956
994	963
994	975
994	993
994	995
995	202
995	244
995	297
995	355
995	389
995	399
995	430
995	449
995	457
995	483
995	501
995	514
995	528
995	542
995	563
995	596
995	648
995	674
995	700
995	708
995	711
995	721
995	733
995	812
995	826
995	830
995	834
995	879
995	884
995	894
995	899
995	917
995	921
995	926
995	934
995	941
995	950
995	953
995	957
995	969
995	972
995	980
995	984
995	993
995	994
995	996
995	998
995	999
996	21
996	200
996	255
996	296
996	369
996	377
996	466
996	470
996	508
996	524
996	534
996	563
996	581
996	593
996	624
996	637
996	647
996	655
996	659
996	661
996	677
996	723
996	731
996	738
996	752
996	767
996	770
996	772
996	776
996	785
996	802
996	832
996	842
996	864
996	883
996	893
996	899
996	913
996	914
996	921
996	931
996	944
996	962
996	975
996	982
996	995
996	997
996	999
997	26
997	132
997	176
997	192
997	197
997	200
997	212
997	255
997	256
997	419
997	426
997	481
997	509
997	523
997	527
997	537
997	564
997	572
997	635
997	661
997	702
997	757
997	766
997	776
997	778
997	780
997	798
997	817
997	825
997	832
997	845
997	855
997	887
997	899
997	913
997	914
997	917
997	932
997	937
997	944
997	946
997	950
997	962
997	969
997	980
997	984
997	985
997	996
997	998
998	20
998	47
998	70
998	299
998	330
998	414
998	439
998	456
998	463
998	535
998	551
998	613
998	631
998	675
998	685
998	698
998	708
998	723
998	724
998	729
998	743
998	753
998	755
998	774
998	777
998	782
998	827
998	832
998	838
998	841
998	857
998	864
998	872
998	886
998	889
998	900
998	901
998	920
998	939
998	957
998	959
998	967
998	973
998	977
998	982
998	984
998	987
998	995
998	997
999	35
999	60
999	95
999	131
999	155
999	187
999	225
999	288
999	307
999	324
999	331
999	335
999	336
999	349
999	432
999	440
999	477
999	501
999	534
999	559
999	633
999	635
999	647
999	658
999	668
999	685
999	687
999	718
999	744
999	763
999	765
999	785
999	830
999	839
999	855
999	858
999	895
999	906
999	909
999	920
999	954
999	960
999	964
999	970
999	975
999	983
999	988
999	995
999	996
1000	14
1000	31
1000	70
1000	169
1000	196
1000	234
1000	249
1000	423
1000	453
1000	489
1000	499
1000	502
1000	574
1000	604
1000	627
1000	632
1000	653
1000	690
1000	694
1000	705
1000	719
1000	729
1000	760
1000	769
1000	792
1000	799
1000	804
1000	805
1000	820
1000	834
1000	836
1000	885
1000	892
1000	894
1000	919
1000	921
1000	923
1000	931
1000	935
1000	943
1000	953
1000	956
1000	961
1000	967
1000	968
1000	971
1000	981
1000	988
1000	990
