1	12 
2	1 
3	9 
4	9 
5	17 
6	10 
7	10 
8	6 
9	7 
10	1 
11	14 
12	14 
13	17 
14	14 
15	1 
16	21 
17	16 
18	7 
19	9 
20	10 
21	9 
22	8 
23	1 
24	4 
25	8 
26	5 
27	18 
28	21 
29	6 
30	6 
31	8 
32	9 
33	5 
34	7 
35	12 
36	21 
37	18 
38	11 
39	19 
40	9 
41	16 
42	12 
43	1 
44	12 
45	9 
46	15 
47	9 
48	9 
49	17 
50	9 
51	9 
52	8 
53	12 
54	7 
55	3 
56	7 
57	3 
58	8 
59	3 
60	8 
61	20 
62	9 
63	9 
64	11 
65	5 
66	12 
67	17 
68	8 
69	21 
70	10 
71	20 
72	12 
73	10 
74	8 
75	19 
76	7 
77	6 
78	14 
79	20 
80	1 
81	12 
82	2 
83	9 
84	7 
85	7 
86	18 
87	6 
88	10 
89	19 
90	12 
91	4 
92	10 
93	21 
94	4 
95	8 
96	10 
97	12 
98	11 
99	4 
100	19 
101	9 
102	13 
103	4 
104	6 
105	2 
106	13 
107	1 
108	18 
109	5 
110	12 
111	9 
112	5 
113	9 
114	1 
115	13 
116	10 
117	12 
118	14 
119	9 
120	19 
121	4 
122	10 
123	15 
124	13 
125	12 
126	18 
127	6 
128	17 
129	13 
130	13 
131	8 
132	13 
133	9 
134	6 
135	8 
136	16 
137	8 
138	1 
139	8 
140	12 
141	5 
142	10 
143	8 
144	8 
145	15 
146	8 
147	7 
148	1 
149	5 
150	3 
151	9 
152	17 
153	4 
154	6 
155	9 
156	1 
157	16 
158	15 
159	17 
160	6 
161	10 
162	4 
163	9 
164	15 
165	20 
166	1 
167	14 
168	13 
169	3 
170	12 
171	1 
172	6 
173	12 
174	21 
175	6 
176	12 
177	10 
178	10 
179	1 
180	8 
181	6 
182	17 
183	17 
184	12 
185	17 
186	13 
187	1 
188	10 
189	2 
190	17 
191	17 
192	10 
193	12 
194	17 
195	13 
196	7 
197	12 
198	2 
199	14 
200	9 
201	6 
202	8 
203	16 
204	10 
205	7 
206	17 
207	17 
208	8 
209	6 
210	21 
211	6 
212	9 
213	9 
214	18 
215	8 
216	21 
217	7 
218	14 
219	2 
220	8 
221	16 
222	20 
223	8 
224	16 
225	18 
226	1 
227	15 
228	8 
229	6 
230	9 
231	8 
232	7 
233	10 
234	15 
235	20 
236	20 
237	11 
238	9 
239	5 
240	17 
241	20 
242	12 
243	14 
244	2 
245	2 
246	9 
247	14 
248	15 
249	8 
250	16 
251	21 
252	21 
253	5 
254	9 
255	10 
256	6 
257	1 
258	1 
259	9 
260	20 
261	19 
262	5 
263	7 
264	7 
265	3 
266	19 
267	21 
268	13 
269	18 
270	12 
271	6 
272	16 
273	17 
274	15 
275	1 
276	16 
277	15 
278	6 
279	10 
280	11 
281	1 
282	2 
283	10 
284	1 
285	7 
286	2 
287	13 
288	13 
289	21 
290	17 
291	3 
292	8 
293	8 
294	10 
295	5 
296	9 
297	9 
298	8 
299	15 
300	3 
301	16 
302	18 
303	7 
304	7 
305	4 
306	8 
307	4 
308	13 
309	14 
310	19 
311	16 
312	16 
313	21 
314	1 
315	9 
316	19 
317	1 
318	9 
319	17 
320	19 
321	7 
322	4 
323	16 
324	18 
325	7 
326	5 
327	19 
328	15 
329	8 
330	1 
331	1 
332	3 
333	2 
334	16 
335	6 
336	8 
337	12 
338	10 
339	21 
340	8 
341	21 
342	8 
343	20 
344	15 
345	3 
346	7 
347	10 
348	8 
349	15 
350	12 
351	7 
352	19 
353	13 
354	11 
355	1 
356	7 
357	16 
358	17 
359	11 
360	6 
361	10 
362	10 
363	12 
364	6 
365	1 
366	1 
367	21 
368	20 
369	14 
370	15 
371	21 
372	14 
373	7 
374	7 
375	20 
376	7 
377	9 
378	8 
379	21 
380	1 
381	6 
382	8 
383	3 
384	1 
385	7 
386	2 
387	5 
388	13 
389	13 
390	10 
391	20 
392	20 
393	7 
394	16 
395	13 
396	15 
397	15 
398	19 
399	9 
400	13 
401	3 
402	15 
403	9 
404	8 
405	7 
406	17 
407	1 
408	6 
409	12 
410	7 
411	3 
412	11 
413	17 
414	9 
415	8 
416	1 
417	15 
418	8 
419	10 
420	6 
421	10 
422	10 
423	19 
424	8 
425	9 
426	8 
427	11 
428	20 
429	9 
430	15 
431	21 
432	1 
433	10 
434	1 
435	19 
436	1 
437	5 
438	17 
439	21 
440	18 
441	6 
442	10 
443	3 
444	19 
445	7 
446	7 
447	17 
448	8 
449	21 
450	7 
451	19 
452	7 
453	1 
454	2 
455	6 
456	17 
457	20 
458	17 
459	13 
460	1 
461	7 
462	11 
463	21 
464	21 
465	15 
466	14 
467	5 
468	6 
469	7 
470	7 
471	6 
472	9 
473	8 
474	10 
475	15 
476	12 
477	6 
478	14 
479	9 
480	8 
481	7 
482	10 
483	1 
484	7 
485	11 
486	20 
487	21 
488	21 
489	9 
490	1 
491	18 
492	14 
493	21 
494	11 
495	13 
496	9 
497	10 
498	12 
499	2 
500	8 
501	13 
502	20 
503	5 
504	10 
505	4 
506	8 
507	10 
508	14 
509	5 
510	18 
511	6 
512	16 
513	6 
514	10 
515	8 
516	5 
517	15 
518	4 
519	12 
520	6 
521	4 
522	3 
523	9 
524	8 
525	10 
526	9 
527	18 
528	20 
529	7 
530	3 
531	9 
532	15 
533	14 
534	14 
535	11 
536	7 
537	1 
538	12 
539	17 
540	16 
541	7 
542	8 
543	6 
544	1 
545	2 
546	12 
547	12 
548	10 
549	20 
550	4 
551	8 
552	11 
553	18 
554	6 
555	18 
556	10 
557	4 
558	9 
559	13 
560	11 
561	9 
562	7 
563	10 
564	5 
565	1 
566	14 
567	21 
568	9 
569	1 
570	17 
571	3 
572	6 
573	6 
574	16 
575	3 
576	10 
577	9 
578	1 
579	4 
580	9 
581	3 
582	15 
583	17 
584	1 
585	3 
586	13 
587	16 
588	10 
589	16 
590	7 
591	4 
592	21 
593	7 
594	6 
595	7 
596	9 
597	19 
598	10 
599	18 
600	13 
601	10 
602	7 
603	1 
604	7 
605	13 
606	8 
607	11 
608	14 
609	4 
610	21 
611	12 
612	14 
613	15 
614	2 
615	20 
616	9 
617	7 
618	10 
619	5 
620	3 
621	17 
622	18 
623	10 
624	14 
625	15 
626	17 
627	8 
628	13 
629	5 
630	2 
631	9 
632	8 
633	1 
634	9 
635	21 
636	4 
637	20 
638	9 
639	9 
640	6 
641	5 
642	4 
643	17 
644	10 
645	6 
646	1 
647	6 
648	12 
649	2 
650	18 
651	7 
652	12 
653	19 
654	4 
655	13 
656	15 
657	7 
658	18 
659	18 
660	21 
661	19 
662	7 
663	7 
664	1 
665	14 
666	1 
667	16 
668	11 
669	20 
670	9 
671	15 
672	20 
673	8 
674	12 
675	5 
676	1 
677	9 
678	17 
679	9 
680	19 
681	7 
682	18 
683	3 
684	1 
685	5 
686	17 
687	16 
688	2 
689	17 
690	18 
691	20 
692	8 
693	16 
694	9 
695	5 
696	15 
697	7 
698	15 
699	10 
700	10 
701	11 
702	9 
703	18 
704	9 
705	8 
706	9 
707	21 
708	20 
709	6 
710	4 
711	12 
712	1 
713	18 
714	1 
715	2 
716	6 
717	7 
718	16 
719	13 
720	9 
721	9 
722	1 
723	14 
724	10 
725	1 
726	1 
727	12 
728	8 
729	8 
730	9 
731	5 
732	9 
733	17 
734	11 
735	20 
736	7 
737	7 
738	8 
739	6 
740	18 
741	7 
742	7 
743	1 
744	12 
745	7 
746	6 
747	12 
748	10 
749	8 
750	13 
751	7 
752	6 
753	4 
754	20 
755	18 
756	1 
757	10 
758	11 
759	10 
760	8 
761	17 
762	1 
763	8 
764	8 
765	9 
766	1 
767	14 
768	7 
769	21 
770	6 
771	14 
772	6 
773	13 
774	12 
775	7 
776	8 
777	12 
778	21 
779	7 
780	6 
781	8 
782	13 
783	20 
784	1 
785	5 
786	18 
787	2 
788	15 
789	3 
790	16 
791	1 
792	9 
793	20 
794	6 
795	16 
796	2 
797	5 
798	11 
799	1 
800	10 
801	8 
802	1 
803	8 
804	19 
805	1 
806	14 
807	12 
808	6 
809	10 
810	9 
811	1 
812	15 
813	9 
814	9 
815	4 
816	9 
817	12 
818	19 
819	9 
820	1 
821	18 
822	15 
823	6 
824	9 
825	5 
826	10 
827	8 
828	7 
829	9 
830	1 
831	14 
832	8 
833	6 
834	15 
835	6 
836	8 
837	17 
838	15 
839	7 
840	8 
841	10 
842	10 
843	1 
844	7 
845	21 
846	19 
847	18 
848	14 
849	21 
850	20 
851	13 
852	13 
853	6 
854	14 
855	10 
856	19 
857	1 
858	17 
859	8 
860	14 
861	3 
862	6 
863	5 
864	10 
865	8 
866	11 
867	6 
868	5 
869	4 
870	17 
871	4 
872	10 
873	15 
874	15 
875	21 
876	9 
877	2 
878	15 
879	17 
880	13 
881	19 
882	17 
883	12 
884	14 
885	2 
886	21 
887	9 
888	1 
889	6 
890	4 
891	6 
892	15 
893	7 
894	13 
895	20 
896	3 
897	1 
898	11 
899	10 
900	13 
901	17 
902	6 
903	20 
904	18 
905	20 
906	8 
907	7 
908	1 
909	19 
910	14 
911	5 
912	4 
913	8 
914	11 
915	19 
916	15 
917	1 
918	1 
919	12 
920	15 
921	13 
922	5 
923	13 
924	4 
925	8 
926	9 
927	11 
928	16 
929	12 
930	8 
931	1 
932	11 
933	16 
934	8 
935	10 
936	6 
937	4 
938	21 
939	16 
940	12 
941	7 
942	17 
943	1 
944	20 
945	10 
946	8 
947	8 
948	15 
949	5 
950	5 
951	5 
952	20 
953	20 
954	20 
955	10 
956	13 
957	7 
958	20 
959	12 
960	13 
961	8 
962	9 
963	7 
964	16 
965	8 
966	1 
967	12 
968	9 
969	6 
970	5 
971	18 
972	21 
973	6 
974	6 
975	20 
976	14 
977	17 
978	10 
979	15 
980	5 
981	21 
982	20 
983	7 
984	15 
985	15 
986	15 
987	6 
988	17 
989	8 
990	1 
991	8 
992	1 
993	1 
994	1 
995	10 
996	7 
997	8 
998	1 
999	1 
1000	10 
