1	519
1	777
1	940
1	959
2	416
2	897
2	966
2	990
3	246
3	721
3	792
3	996
4	51
4	155
4	489
4	523
5	438
5	896
5	977
5	988
6	141
6	192
6	507
6	955
7	204
7	507
7	644
7	653
8	640
8	739
8	936
8	973
9	697
9	745
9	983
9	996
10	565
10	820
10	992
10	998
11	12
11	247
11	566
11	976
12	11
12	410
12	976
12	978
13	621
13	977
13	987
13	988
14	848
14	860
14	884
14	976
15	490
15	888
15	993
15	999
16	341
16	738
16	845
16	981
17	687
17	718
17	933
17	939
18	663
18	745
18	839
18	844
19	704
19	816
19	876
19	968
20	178
20	563
20	699
20	1000
21	694
21	715
21	810
21	829
22	511
22	913
22	961
22	997
23	743
23	918
23	992
23	998
24	636
24	912
24	924
24	937
25	781
25	989
25	991
25	997
26	911
26	922
26	970
26	980
27	269
27	847
27	904
27	971
28	371
28	849
28	972
28	981
29	770
29	772
29	779
29	840
30	104
30	327
30	709
30	969
31	298
31	473
31	760
31	997
32	246
32	296
32	679
32	816
33	949
33	950
33	970
33	980
34	590
34	681
34	883
34	996
35	498
35	747
35	919
35	940
36	845
36	938
36	972
36	981
37	650
37	658
37	904
37	971
38	734
38	866
38	927
38	932
39	89
39	881
39	909
39	915
40	887
40	902
40	926
40	968
41	357
41	589
41	933
41	964
42	807
42	929
42	940
42	967
43	966
43	992
43	994
43	998
44	337
44	547
44	674
44	959
45	287
45	523
45	824
45	876
46	398
46	698
46	948
46	979
47	472
47	580
47	720
47	876
48	526
48	561
48	730
48	824
49	837
49	901
49	977
49	988
50	155
50	824
50	926
50	968
51	4
51	734
51	810
51	813
52	606
52	763
52	799
52	997
53	72
53	929
53	940
53	967
54	657
54	907
54	941
54	983
55	150
55	443
55	861
55	992
56	562
56	745
56	775
56	984
57	383
57	571
57	575
57	896
58	480
58	926
58	946
58	989
59	383
59	401
59	581
59	789
60	601
60	832
60	946
60	991
61	905
61	954
61	958
61	982
62	212
62	670
62	704
62	720
63	472
63	792
63	813
63	962
64	898
64	914
64	927
64	932
65	785
65	951
65	970
65	980
66	97
66	611
66	883
66	940
67	456
67	870
67	977
67	988
68	342
68	448
68	930
68	961
69	778
69	938
69	972
69	981
70	841
70	945
70	955
70	1000
71	396
71	905
71	944
71	952
72	53
72	919
72	959
72	967
73	116
73	255
73	836
73	872
74	832
74	859
74	934
74	989
75	278
75	856
75	909
75	915
76	737
76	742
76	957
76	963
77	647
77	936
77	969
77	987
78	806
78	854
78	860
78	976
79	952
79	954
79	975
79	982
80	966
80	993
80	994
80	999
81	869
81	940
81	959
81	967
82	614
82	796
82	877
82	885
83	638
83	670
83	702
83	819
84	768
84	907
84	941
84	957
85	373
85	484
85	637
85	983
86	755
86	847
86	896
86	971
87	471
87	709
87	794
87	987
88	945
88	955
88	978
88	995
89	39
89	804
89	846
89	909
90	619
90	652
90	817
90	959
91	710
91	890
91	924
91	937
92	899
92	978
92	995
92	1000
93	813
93	875
93	972
93	981
94	642
94	871
94	937
94	963
95	771
95	776
95	906
95	997
96	800
96	855
96	899
96	935
97	66
97	476
97	936
97	940
98	866
98	898
98	927
98	932
99	663
99	871
99	890
99	912
100	653
100	680
100	856
100	915
101	679
101	813
101	819
101	876
102	586
102	900
102	921
102	960
103	869
103	871
103	924
103	937
104	30
104	127
104	772
104	969
105	787
105	877
105	885
105	914
106	600
106	852
106	956
106	960
107	743
107	843
107	994
107	999
108	126
108	688
108	904
108	971
109	922
109	949
109	980
109	993
110	744
110	883
110	929
110	967
111	679
111	721
111	887
111	968
112	121
112	731
112	951
112	980
113	561
113	810
113	813
113	968
114	179
114	857
114	943
114	993
115	880
115	894
115	921
115	956
116	73
116	842
116	945
116	995
117	727
117	929
117	940
117	967
118	723
118	860
118	910
118	976
119	163
119	819
119	829
119	876
120	597
120	804
120	846
120	909
121	112
121	869
121	912
121	937
122	618
122	759
122	899
122	955
123	873
123	922
123	979
123	985
124	205
124	288
124	923
124	960
125	242
125	883
125	940
125	959
126	108
126	555
126	821
126	971
127	104
127	772
127	902
127	987
128	208
128	901
128	942
128	988
129	921
129	923
129	939
129	956
130	782
130	900
130	923
130	956
131	738
131	865
131	991
131	997
132	828
132	880
132	923
132	960
133	561
133	720
133	765
133	926
134	752
134	808
134	936
134	974
135	781
135	832
135	865
135	934
136	574
136	928
136	933
136	939
137	348
137	836
137	989
137	997
138	784
138	843
138	993
138	994
139	632
139	840
139	906
139	965
140	774
140	919
140	940
140	967
141	6
141	922
141	951
141	970
142	864
142	899
142	978
142	1000
143	724
143	803
143	930
143	997
144	264
144	836
144	906
144	946
145	979
145	984
145	985
145	986
146	755
146	906
146	947
146	997
147	536
147	717
147	983
147	996
148	281
148	784
148	990
148	999
149	949
149	950
149	970
149	980
150	55
150	585
150	861
150	896
151	616
151	721
151	816
151	876
152	837
152	858
152	870
152	988
153	609
153	827
153	912
153	924
154	833
154	867
154	973
154	974
155	4
155	50
155	213
155	496
156	811
156	979
156	994
156	998
157	795
157	933
157	939
157	964
158	878
158	916
158	985
158	986
159	837
159	879
159	882
159	977
160	594
160	835
160	862
160	986
161	361
161	814
161	826
161	872
162	710
162	815
162	924
162	937
163	119
163	414
163	479
163	839
164	838
164	920
164	984
164	985
165	895
165	944
165	952
165	982
166	908
166	915
166	992
166	999
167	608
167	848
167	910
167	976
168	880
168	921
168	949
168	956
169	300
169	683
169	748
169	789
170	337
170	817
170	919
170	959
171	317
171	490
171	931
171	994
172	266
172	511
172	889
172	974
173	409
173	883
173	929
173	967
174	313
174	339
174	951
174	981
175	364
175	860
175	867
175	987
176	807
176	919
176	959
176	967
177	588
177	618
177	945
177	995
178	20
178	899
178	947
178	995
179	114
179	766
179	857
179	999
180	840
180	930
180	934
180	947
181	448
181	572
181	936
181	973
182	882
182	901
182	942
182	949
183	621
183	870
183	942
183	988
184	409
184	485
184	498
184	940
185	901
185	942
185	977
185	988
186	894
186	921
186	956
186	960
187	314
187	570
187	994
187	999
188	576
188	838
188	935
188	955
189	614
189	787
189	796
189	885
190	621
190	870
190	879
190	977
191	686
191	901
191	977
191	988
192	6
192	842
192	935
192	1000
193	242
193	919
193	929
193	959
194	858
194	870
194	942
194	977
195	400
195	605
195	921
195	960
196	450
196	536
196	595
196	737
197	538
197	807
197	959
197	969
198	499
198	630
198	877
198	885
199	533
199	860
199	910
199	976
200	271
200	403
200	792
200	968
201	513
201	867
201	902
201	973
202	836
202	961
202	965
202	997
203	928
203	933
203	939
203	964
204	7
204	294
204	978
204	995
205	124
205	321
205	751
205	996
206	406
206	837
206	858
206	977
207	686
207	942
207	977
207	988
208	128
208	627
208	965
208	997
209	520
209	752
209	833
209	969
210	657
210	849
210	938
210	972
211	554
211	746
211	772
211	974
212	62
212	297
212	940
212	968
213	155
213	315
213	824
213	829
214	599
214	847
214	904
214	971
215	728
215	875
215	934
215	989
216	845
216	849
216	886
216	972
217	470
217	493
217	893
217	983
218	608
218	848
218	854
218	976
219	454
219	796
219	877
219	885
220	760
220	793
220	934
220	989
221	693
221	933
221	939
221	964
222	905
222	953
222	975
222	982
223	581
223	836
223	906
223	997
224	345
224	394
224	939
224	964
225	713
225	755
225	942
225	971
226	966
226	990
226	992
226	994
227	838
227	873
227	979
227	986
228	692
228	913
228	991
228	997
229	420
229	867
229	889
229	973
230	254
230	318
230	813
230	819
231	551
231	606
231	989
231	991
232	405
232	452
232	745
232	996
233	335
233	826
233	995
233	1000
234	612
234	984
234	985
234	986
235	944
235	953
235	975
235	982
236	934
236	944
236	958
236	982
237	747
237	866
237	914
237	932
238	523
238	568
238	753
238	876
239	665
239	922
239	970
239	980
240	447
240	882
240	977
240	988
241	391
241	952
241	958
241	975
242	125
242	193
242	710
242	747
242	919
243	608
243	767
243	854
243	910
243	976
244	282
244	630
244	715
244	877
244	885
245	688
245	715
245	787
245	877
245	885
246	3
246	32
246	472
246	792
246	977
247	11
247	771
247	831
247	884
247	976
248	916
248	920
248	948
248	984
248	986
249	728
249	776
249	832
249	934
249	989
250	593
250	693
250	928
250	933
250	964
251	769
251	778
251	938
251	972
251	981
252	488
252	769
252	826
252	938
252	981
253	949
253	950
253	951
253	970
253	980
254	230
254	679
254	816
254	926
254	938
255	73
255	740
255	800
255	826
255	842
256	752
256	835
256	867
256	936
256	987
257	717
257	762
257	805
257	943
257	999
258	811
258	830
258	990
258	994
258	999
259	318
259	558
259	577
259	732
259	814
260	735
260	903
260	954
260	975
260	982
261	661
261	856
261	881
261	909
261	915
262	868
262	913
262	949
262	951
262	980
263	604
263	617
263	737
263	957
263	983
264	144
264	562
264	617
264	697
264	741
265	411
265	620
265	789
265	861
265	896
266	172
266	585
266	856
266	881
266	915
267	464
267	592
267	875
267	972
267	981
268	851
268	894
268	921
268	956
268	960
269	27
269	375
269	690
269	904
269	971
270	476
270	519
270	774
270	919
270	967
271	200
271	770
271	772
271	835
271	969
272	445
272	790
272	928
272	939
272	964
273	837
273	858
273	882
273	938
273	977
274	334
274	873
274	920
274	979
274	986
275	621
275	908
275	993
275	998
275	999
276	377
276	540
276	795
276	928
276	964
277	463
277	948
277	979
277	985
277	986
278	75
278	640
278	902
278	973
278	987
279	338
279	748
279	855
279	955
279	995
280	802
280	866
280	914
280	927
280	932
281	148
281	449
281	918
281	990
281	999
282	244
282	649
282	715
282	796
282	877
283	556
283	759
283	809
283	978
283	1000
284	490
284	569
284	966
284	990
284	992
285	351
285	717
285	844
285	983
285	993
286	614
286	649
286	796
286	877
286	885
287	45
287	586
287	852
287	921
287	956
288	124
288	694
288	750
288	852
288	956
289	875
289	886
289	908
289	938
289	981
290	678
290	837
290	870
290	879
290	988
291	620
291	683
291	789
291	861
291	896
292	448
292	946
292	947
292	965
292	991
293	473
293	692
293	913
293	914
293	961
294	204
294	424
294	576
294	955
294	978
295	629
295	949
295	950
295	970
295	980
296	32
296	631
296	887
296	952
296	968
297	212
297	399
297	819
297	887
297	926
298	31
298	738
298	865
298	946
298	965
299	892
299	979
299	984
299	985
299	986
300	169
300	522
300	571
300	861
300	896
301	718
301	790
301	798
301	928
301	964
302	599
302	658
302	690
302	755
302	971
303	304
303	595
303	789
303	941
303	963
304	303
304	741
304	933
304	941
304	996
305	521
305	869
305	890
305	912
305	937
306	424
306	781
306	832
306	913
306	947
307	505
307	591
307	609
307	924
307	937
308	495
308	880
308	905
308	956
308	960
309	723
309	806
309	854
309	860
309	976
310	818
310	846
310	868
310	881
310	909
311	667
311	928
311	933
311	939
311	964
312	667
312	790
312	933
312	939
312	964
313	174
313	807
313	845
313	886
313	981
314	187
314	722
314	843
314	966
314	999
315	213
315	429
315	639
315	792
315	962
316	804
316	818
316	856
316	909
316	915
317	171
317	666
317	992
317	993
317	994
318	230
318	259
318	425
318	813
318	962
319	583
319	882
319	942
319	977
319	988
320	680
320	856
320	882
320	909
320	915
321	205
321	541
321	828
321	911
321	996
322	579
322	815
322	890
322	912
322	924
323	727
323	795
323	928
323	939
323	964
324	622
324	682
324	786
324	904
324	971
325	651
325	956
325	957
325	963
325	967
326	494
326	825
326	951
326	970
326	980
327	30
327	804
327	818
327	846
327	915
328	838
328	979
328	984
328	985
328	986
329	836
329	906
329	946
329	965
329	989
330	722
330	908
330	918
330	931
330	998
331	584
331	722
331	908
331	992
331	994
332	345
332	522
332	530
332	585
332	789
333	344
333	649
333	715
333	877
333	885
334	274
334	693
334	933
334	939
334	964
335	233
335	554
335	752
335	969
335	987
336	803
336	859
336	925
336	947
336	961
337	44
337	170
337	652
337	883
337	919
338	279
338	746
338	872
338	995
338	1000
339	174
339	487
339	769
339	875
339	972
340	426
340	776
340	965
340	991
340	1000
341	16
341	488
341	938
341	972
341	981
342	68
342	764
342	840
342	961
342	997
343	895
343	905
343	953
343	958
343	982
344	333
344	878
344	892
344	979
344	984
345	224
345	332
345	443
345	683
345	896
346	356
346	604
346	963
346	973
346	983
347	514
347	591
347	757
347	864
347	995
348	137
348	524
348	693
348	930
348	947
349	613
349	671
349	892
349	984
349	985
350	919
350	929
350	940
350	959
350	967
351	285
351	657
351	662
351	664
351	893
352	458
352	661
352	818
352	856
352	881
353	750
353	851
353	900
353	921
353	960
354	535
354	898
354	914
354	927
354	932
355	633
355	756
355	830
355	993
355	998
356	346
356	662
356	717
356	828
356	996
357	41
357	574
357	928
357	939
357	964
358	393
358	438
358	879
358	942
358	988
359	734
359	898
359	914
359	927
359	932
360	889
360	891
360	936
360	973
360	987
361	161
361	684
361	935
361	995
361	1000
362	421
362	724
362	809
362	826
362	827
363	547
363	929
363	936
363	959
363	967
364	175
364	770
364	936
364	973
364	987
365	917
365	918
365	966
365	994
365	998
366	857
366	888
366	990
366	994
366	998
367	567
367	849
367	886
367	972
367	981
368	558
368	672
368	954
368	975
368	982
369	806
369	831
369	854
369	910
369	976
370	812
370	892
370	984
370	985
370	986
371	28
371	875
371	938
371	972
371	981
372	665
372	848
372	884
372	910
372	976
373	85
373	595
373	663
373	779
373	957
374	697
374	828
374	839
374	907
374	983
375	269
375	953
375	954
375	958
375	982
376	651
376	768
376	825
376	907
376	983
377	276
377	526
377	577
377	732
377	814
378	708
378	728
378	859
378	934
378	961
379	439
379	464
379	769
379	886
379	972
379	981
380	565
380	857
380	897
380	992
380	998
380	999
381	572
381	739
381	853
381	969
381	973
381	987
382	705
382	801
382	925
382	930
382	961
382	989
383	57
383	59
383	530
383	571
383	861
383	896
384	799
384	908
384	931
384	943
384	994
384	998
385	413
385	602
385	907
385	957
385	963
385	996
386	499
386	545
386	787
386	877
386	885
386	984
387	859
387	863
387	911
387	922
387	970
387	980
388	605
388	851
388	894
388	895
388	923
388	956
389	750
389	880
389	894
389	900
389	923
389	960
390	556
390	744
390	855
390	978
390	995
390	1000
391	241
391	528
391	735
391	944
391	958
391	975
392	566
392	793
392	895
392	954
392	975
392	982
393	358
393	751
393	844
393	957
393	963
393	996
394	224
394	687
394	790
394	928
394	933
394	964
395	773
395	782
395	844
395	852
395	923
395	960
396	71
396	873
396	916
396	920
396	984
396	985
397	656
397	892
397	916
397	920
397	979
397	986
398	46
398	597
398	653
398	818
398	846
398	881
399	297
399	706
399	721
399	831
399	876
399	968
400	195
400	750
400	851
400	900
400	956
400	997
401	59
401	530
401	581
401	789
401	861
401	896
402	613
402	834
402	916
402	979
402	984
402	985
403	200
403	429
403	558
403	694
403	765
403	926
404	749
404	836
404	925
404	947
404	965
404	991
405	232
405	737
405	742
405	907
405	941
405	996
406	206
406	769
406	870
406	942
406	977
406	988
407	666
407	722
407	791
407	908
407	990
407	998
408	645
408	647
408	752
408	862
408	969
408	987
409	173
409	184
409	711
409	747
409	929
409	967
410	12
410	681
410	893
410	907
410	963
410	996
411	265
411	529
411	575
411	683
411	789
411	896
412	734
412	798
412	866
412	914
412	927
412	932
413	385
413	621
413	870
413	879
413	977
413	988
414	163
414	638
414	639
414	721
414	814
414	974
415	420
415	836
415	913
415	965
415	989
415	991
416	2
416	712
416	774
416	791
416	931
416	999
417	613
417	878
417	948
417	979
417	985
417	986
418	506
418	524
418	764
418	906
418	934
418	997
419	601
419	748
419	842
419	978
419	995
419	1000
420	229
420	415
420	716
420	891
420	936
420	974
421	362
421	841
421	945
421	955
421	978
421	995
422	841
422	935
422	945
422	955
422	995
422	1000
423	804
423	818
423	856
423	881
423	909
423	915
424	294
424	306
424	749
424	930
424	947
424	961
425	318
425	472
425	526
425	867
425	962
425	968
426	340
426	738
426	764
426	827
426	961
426	965
427	607
427	798
427	898
427	914
427	927
427	932
428	953
428	954
428	958
428	975
428	982
428	998
429	315
429	403
429	489
429	876
429	887
429	962
430	874
430	920
430	948
430	984
430	985
430	986
431	707
431	886
431	938
431	952
431	972
431	981
432	664
432	799
432	857
432	897
432	990
432	992
433	623
433	842
433	899
433	955
433	978
433	995
434	725
434	762
434	820
434	897
434	966
434	993
435	750
435	818
435	846
435	881
435	909
435	915
436	784
436	888
436	908
436	966
436	993
436	994
437	868
437	922
437	950
437	951
437	970
437	980
438	5
438	358
438	686
438	761
438	901
438	988
439	379
439	845
439	849
439	938
439	972
439	981
440	510
440	599
440	703
440	740
440	821
440	971
441	833
441	853
441	862
441	867
441	974
441	988
442	563
442	598
442	855
442	978
442	995
442	1000
443	55
443	345
443	581
443	789
443	842
443	896
444	653
444	680
444	856
444	881
444	909
444	915
445	272
445	481
445	768
445	941
445	963
445	996
446	590
446	924
446	941
446	963
446	983
446	996
447	240
447	482
447	761
447	942
447	977
447	988
448	68
448	181
448	292
448	524
448	836
448	946
449	281
449	778
449	886
449	938
449	972
449	981
450	196
450	602
450	657
450	737
450	779
450	963
451	661
451	846
451	856
451	881
451	909
451	915
452	232
452	469
452	768
452	839
452	963
452	996
453	633
453	857
453	880
453	943
453	994
453	998
454	219
454	499
454	649
454	688
454	877
454	885
455	573
455	746
455	823
455	936
455	969
455	974
456	67
456	689
456	837
456	879
456	882
456	988
457	905
457	944
457	952
457	954
457	958
457	975
458	352
458	870
458	879
458	942
458	977
458	988
459	559
459	655
459	782
459	792
459	900
459	921
460	799
460	857
460	897
460	917
460	990
460	993
461	736
461	741
461	806
461	893
461	983
461	996
462	798
462	866
462	898
462	914
462	927
462	932
463	277
463	660
463	845
463	849
463	972
463	981
464	267
464	379
464	660
464	875
464	938
464	981
465	874
465	920
465	948
465	979
465	984
465	986
466	624
466	831
466	854
466	910
466	976
466	996
467	863
467	911
467	922
467	949
467	951
467	970
468	745
468	794
468	833
468	835
468	902
468	987
469	452
469	839
469	907
469	957
469	991
469	996
470	217
470	593
470	745
470	893
470	941
470	983
471	87
471	770
471	782
471	853
471	973
471	974
472	47
472	63
472	246
472	425
472	730
472	887
473	31
473	293
473	888
473	925
473	946
473	997
474	482
474	502
474	504
474	899
474	978
474	1000
475	525
475	916
475	948
475	979
475	985
475	986
476	97
476	270
476	774
476	929
476	959
476	981
477	520
477	835
477	862
477	891
477	902
477	987
478	492
478	508
478	665
478	884
478	945
478	976
479	163
479	634
479	694
479	704
479	926
479	962
480	58
480	652
480	840
480	913
480	989
480	997
481	445
481	657
481	893
481	963
481	983
481	996
482	447
482	474
482	748
482	855
482	935
482	1000
483	918
483	931
483	966
483	992
483	993
483	999
484	85
484	697
484	839
484	844
484	872
484	963
485	184
485	758
485	898
485	914
485	927
485	932
486	785
486	850
486	944
486	953
486	954
486	958
487	339
487	567
487	592
487	938
487	972
487	981
488	252
488	341
488	635
488	707
488	769
488	849
489	4
489	429
489	702
489	812
489	813
489	926
490	15
490	171
490	284
490	714
490	990
490	994
491	713
491	776
491	786
491	821
491	904
491	971
492	478
492	806
492	831
492	884
492	910
492	976
493	217
493	707
493	778
493	845
493	972
493	981
494	326
494	758
494	866
494	898
494	927
494	932
495	308
495	750
495	851
495	855
495	900
495	923
495	960
496	155
496	603
496	670
496	694
496	824
496	876
496	962
497	525
497	598
497	826
497	842
497	864
497	899
497	995
498	35
498	184
498	711
498	926
498	929
498	959
498	967
499	198
499	386
499	454
499	688
499	796
499	877
499	885
500	551
500	827
500	840
500	913
500	947
500	965
500	991
501	605
501	773
501	880
501	894
501	923
501	956
501	960
502	474
502	903
502	944
502	952
502	953
502	975
502	982
503	785
503	906
503	911
503	950
503	951
503	970
503	980
504	474
504	644
504	800
504	809
504	935
504	960
504	1000
505	307
505	591
505	642
505	753
505	890
505	924
505	937
506	418
506	632
506	692
506	764
506	840
506	865
506	991
507	6
507	7
507	588
507	700
507	757
507	990
507	1000
508	478
508	564
508	624
508	767
508	771
508	910
508	976
509	816
509	868
509	922
509	950
509	951
509	970
509	980
510	440
510	650
510	658
510	690
510	703
510	821
510	971
511	22
511	172
511	772
511	808
511	889
511	891
511	974
512	773
512	790
512	795
512	928
512	933
512	939
512	964
513	201
513	647
513	794
513	869
513	902
513	973
513	987
514	347
514	623
514	841
514	855
514	955
514	995
514	1000
515	544
515	781
515	865
515	906
515	946
515	989
515	991
516	922
516	949
516	950
516	951
516	970
516	980
516	987
517	834
517	920
517	948
517	979
517	984
517	985
517	986
518	869
518	871
518	890
518	912
518	924
518	937
518	943
519	1
519	270
519	727
519	747
519	883
519	929
519	967
520	209
520	477
520	823
520	833
520	902
520	973
520	987
521	305
521	710
521	869
521	871
521	912
521	924
521	937
522	300
522	332
522	571
522	575
522	620
522	861
522	896
523	4
523	45
523	238
523	732
523	876
523	946
523	962
524	348
524	418
524	448
524	957
524	961
524	991
524	997
525	475
525	497
525	598
525	809
525	935
525	945
525	1000
526	48
526	377
526	425
526	531
526	670
526	891
526	968
527	690
527	703
527	786
527	821
527	862
527	904
527	971
528	391
528	944
528	953
528	954
528	958
528	975
528	982
529	411
529	741
529	828
529	844
529	963
529	983
529	996
530	332
530	383
530	401
530	620
530	861
530	896
530	948
531	526
531	634
531	694
531	725
531	730
531	792
531	968
532	656
532	670
532	788
532	834
532	916
532	985
532	986
533	199
533	608
533	723
533	831
533	884
533	910
533	976
534	590
534	665
534	723
534	771
534	848
534	910
534	976
535	354
535	552
535	668
535	734
535	914
535	927
535	932
536	147
536	196
536	651
536	941
536	957
536	983
536	996
537	762
537	799
537	917
537	918
537	993
537	994
537	999
538	197
538	648
538	744
538	817
538	929
538	940
538	967
539	626
539	689
539	858
539	879
539	882
539	942
539	988
540	276
540	790
540	795
540	928
540	933
540	939
540	964
541	321
541	604
541	751
541	768
541	828
541	963
541	996
542	776
542	801
542	861
542	930
542	934
542	965
542	989
543	716
543	889
543	902
543	936
543	944
543	969
543	974
544	515
544	578
544	712
544	843
544	943
544	992
544	998
545	386
545	614
545	630
545	787
545	796
545	877
545	885
546	648
546	747
546	883
546	919
546	929
546	940
546	959
547	44
547	363
547	747
547	774
547	777
547	883
547	959
548	809
548	826
548	872
548	945
548	955
548	986
548	995
549	903
549	905
549	944
549	952
549	958
549	968
549	982
550	591
550	614
550	642
550	815
550	869
550	912
550	924
551	231
551	500
551	758
551	760
551	961
551	991
551	997
552	535
552	866
552	898
552	914
552	927
552	932
552	997
553	622
553	658
553	703
553	821
553	897
553	904
553	971
554	211
554	335
554	600
554	823
554	936
554	973
554	987
555	126
555	659
555	690
555	713
555	847
555	904
555	971
556	283
556	390
556	601
556	757
556	855
556	978
556	1000
557	753
557	815
557	858
557	869
557	890
557	924
557	937
558	259
558	368
558	403
558	631
558	732
558	926
558	962
559	459
559	851
559	852
559	894
559	900
559	923
559	956
560	668
560	758
560	798
560	866
560	914
560	927
560	932
561	48
561	113
561	133
561	568
561	792
561	926
561	962
562	56
562	264
562	604
562	779
562	907
562	957
562	996
563	20
563	442
563	743
563	800
563	855
563	995
563	1000
564	508
564	797
564	863
564	949
564	950
564	970
564	980
565	10
565	380
565	726
565	966
565	992
565	995
565	998
566	11
566	392
566	806
566	831
566	860
566	884
566	976
567	367
567	487
567	778
567	875
567	938
567	972
567	981
568	238
568	561
568	577
568	638
568	732
568	829
568	926
568	968
569	284
569	684
569	837
569	888
569	897
569	966
569	998
569	999
570	187
570	678
570	686
570	733
570	761
570	858
570	977
570	988
571	57
571	300
571	383
571	522
571	683
571	789
571	861
571	896
572	181
572	381
572	640
572	780
572	853
572	867
572	969
572	973
573	455
573	805
573	862
573	889
573	969
573	973
573	974
573	987
574	136
574	357
574	693
574	718
574	758
574	928
574	939
574	964
575	57
575	411
575	522
575	683
575	789
575	861
575	896
575	991
576	188
576	294
576	809
576	872
576	935
576	955
576	978
576	1000
577	259
577	377
577	568
577	631
577	765
577	813
577	962
577	968
578	544
578	666
578	756
578	841
578	931
578	990
578	998
578	999
579	322
579	654
579	781
579	869
579	871
579	912
579	924
579	937
580	47
580	677
580	704
580	814
580	819
580	824
580	887
580	997
581	59
581	223
581	401
581	443
581	585
581	620
581	861
581	896
582	873
582	892
582	916
582	948
582	979
582	984
582	985
582	986
583	319
583	678
583	761
583	837
583	879
583	942
583	977
583	988
584	331
584	676
584	830
584	874
584	897
584	917
584	993
584	999
585	150
585	266
585	332
585	581
585	620
585	789
585	861
585	896
586	102
586	287
586	719
586	756
586	851
586	880
586	900
586	921
587	589
587	687
587	718
587	790
587	928
587	933
587	939
587	964
588	177
588	507
588	699
588	872
588	944
588	955
588	995
588	1000
589	41
589	587
589	687
589	795
589	928
589	933
589	939
589	964
590	34
590	446
590	534
590	736
590	775
590	839
590	893
590	983
591	307
591	347
591	505
591	550
591	753
591	815
591	890
591	924
592	267
592	487
592	610
592	778
592	845
592	886
592	938
592	972
593	250
593	470
593	681
593	737
593	779
593	844
593	983
593	996
594	160
594	835
594	853
594	862
594	902
594	969
594	973
594	987
595	196
595	303
595	373
595	667
595	907
595	957
595	983
595	996
596	616
596	721
596	730
596	816
596	823
596	824
596	962
596	968
597	120
597	398
597	702
597	804
597	846
597	881
597	909
597	915
598	442
598	497
598	525
598	757
598	841
598	978
598	995
598	1000
599	214
599	302
599	440
599	679
599	786
599	821
599	904
599	971
600	106
600	554
600	628
600	880
600	894
600	900
600	956
600	960
601	60
601	419
601	556
601	748
601	864
601	978
601	995
601	1000
602	385
602	450
602	775
602	828
602	844
602	893
602	941
602	957
603	496
603	743
603	943
603	966
603	990
603	992
603	993
603	999
604	263
604	346
604	541
604	562
604	676
604	768
604	957
604	996
605	195
605	388
605	501
605	719
605	852
605	900
605	923
605	956
606	52
606	231
606	636
606	832
606	859
606	925
606	946
606	997
607	427
607	701
607	798
607	866
607	898
607	914
607	927
607	932
608	167
608	218
608	243
608	533
608	806
608	848
608	854
608	976
609	153
609	307
609	815
609	871
609	890
609	912
609	937
609	972
610	592
610	635
610	845
610	875
610	886
610	938
610	972
610	981
611	66
611	727
611	744
611	777
611	807
611	919
611	940
611	967
612	234
612	771
612	848
612	854
612	860
612	884
612	910
612	976
613	349
613	402
613	417
613	892
613	948
613	979
613	984
613	985
614	82
614	189
614	286
614	545
614	550
614	787
614	877
614	885
615	669
615	895
615	905
615	944
615	952
615	954
615	975
615	982
616	151
616	596
616	638
616	814
616	819
616	887
616	968
616	994
617	263
617	264
617	736
617	842
617	844
617	893
617	957
617	963
618	122
618	177
618	864
618	899
618	958
618	978
618	995
618	1000
619	90
619	825
619	863
619	911
619	949
619	950
619	951
619	970
619	980
620	265
620	291
620	522
620	530
620	581
620	585
620	683
620	861
620	896
621	13
621	183
621	190
621	275
621	413
621	858
621	901
621	942
621	988
622	324
622	553
622	740
622	755
622	764
622	786
622	847
622	904
622	971
623	433
623	514
623	700
623	759
623	935
623	955
623	978
623	995
623	1000
624	466
624	508
624	665
624	723
624	806
624	831
624	884
624	976
624	984
625	812
625	873
625	874
625	916
625	920
625	979
625	984
625	985
625	986
626	539
626	838
626	858
626	879
626	882
626	901
626	942
626	977
626	988
627	208
627	738
627	749
627	827
627	832
627	925
627	930
627	991
627	997
628	600
628	750
628	852
628	880
628	894
628	923
628	956
628	960
628	974
629	295
629	685
629	863
629	868
629	949
629	950
629	951
629	970
629	980
630	198
630	244
630	545
630	649
630	688
630	715
630	787
630	796
630	885
631	296
631	558
631	577
631	677
631	824
631	887
631	926
631	962
631	968
632	139
632	506
632	673
632	691
632	692
632	906
632	961
632	989
632	997
633	355
633	453
633	820
633	870
633	918
633	943
633	990
633	992
633	993
634	479
634	531
634	704
634	720
634	814
634	829
634	962
634	968
634	998
635	488
635	610
635	845
635	875
635	886
635	938
635	954
635	972
635	981
636	24
636	606
636	710
636	815
636	869
636	890
636	912
636	924
636	937
637	85
637	783
637	895
637	944
637	952
637	953
637	958
637	975
637	982
638	83
638	414
638	568
638	616
638	810
638	824
638	863
638	887
638	962
639	315
639	414
639	677
639	720
639	721
639	824
639	848
639	876
639	926
640	8
640	278
640	572
640	645
640	739
640	876
640	891
640	973
640	987
641	797
641	863
641	868
641	911
641	922
641	950
641	951
641	970
641	980
642	94
642	505
642	550
642	753
642	869
642	871
642	890
642	924
642	937
643	689
643	733
643	858
643	879
643	882
643	901
643	942
643	977
643	988
644	7
644	504
644	699
644	700
644	864
644	872
644	945
644	995
644	1000
645	408
645	640
645	709
645	739
645	823
645	850
645	902
645	969
645	987
646	762
646	820
646	888
646	917
646	921
646	992
646	993
646	998
646	999
647	77
647	408
647	513
647	780
647	833
647	891
647	920
647	936
647	974
648	538
648	546
648	652
648	674
648	817
648	883
648	919
648	959
648	967
649	282
649	286
649	333
649	454
649	630
649	715
649	763
649	787
649	877
650	37
650	510
650	659
650	713
650	740
650	847
650	904
650	971
650	995
651	325
651	376
651	536
651	657
651	681
651	737
651	855
651	963
651	996
652	90
652	337
652	480
652	648
652	711
652	744
652	777
652	807
652	940
653	7
653	100
653	398
653	444
653	680
653	846
653	881
653	909
653	915
654	579
654	753
654	815
654	869
654	871
654	890
654	912
654	924
654	937
655	459
655	782
655	852
655	894
655	915
655	921
655	923
655	956
655	960
656	397
656	532
656	812
656	838
656	892
656	948
656	977
656	984
656	986
657	54
657	210
657	351
657	450
657	481
657	651
657	844
657	907
657	983
658	37
658	302
658	510
658	553
658	682
658	740
658	755
658	786
658	971
658	992
659	555
659	650
659	690
659	703
659	740
659	786
659	821
659	847
659	971
659	989
660	463
660	464
660	778
660	849
660	875
660	886
660	898
660	938
660	972
660	981
661	261
661	352
661	451
661	680
661	804
661	818
661	846
661	856
661	909
661	915
662	351
662	356
662	775
662	830
662	893
662	941
662	957
662	963
662	983
662	996
663	18
663	99
663	373
663	717
663	736
663	751
663	893
663	941
663	963
663	983
664	351
664	432
664	762
664	897
664	908
664	917
664	990
664	992
664	998
664	999
665	239
665	372
665	478
665	534
665	624
665	771
665	848
665	854
665	884
665	976
666	317
666	407
666	578
666	684
666	931
666	990
666	992
666	994
666	998
666	999
667	311
667	312
667	595
667	790
667	795
667	928
667	933
667	939
667	964
667	980
668	535
668	560
668	758
668	798
668	866
668	898
668	914
668	927
668	932
668	976
669	615
669	850
669	895
669	903
669	952
669	953
669	954
669	958
669	975
669	982
670	62
670	83
670	496
670	526
670	532
670	677
670	706
670	765
670	876
670	962
671	349
671	788
671	873
671	874
671	892
671	916
671	971
671	984
671	985
671	986
672	368
672	793
672	850
672	895
672	903
672	905
672	953
672	956
672	975
672	982
673	632
673	738
673	763
673	859
673	925
673	934
673	946
673	961
673	965
673	997
674	44
674	648
674	774
674	777
674	786
674	883
674	919
674	929
674	959
674	967
675	695
675	797
675	868
675	911
675	922
675	949
675	950
675	951
675	980
675	995
676	584
676	604
676	712
676	805
676	908
676	917
676	943
676	994
676	998
676	999
677	580
677	631
677	639
677	670
677	704
677	720
677	792
677	829
677	845
677	968
678	290
678	570
678	583
678	733
678	761
678	837
678	901
678	942
678	977
678	988
679	32
679	101
679	111
679	254
679	599
679	765
679	824
679	829
679	926
679	962
680	100
680	320
680	444
680	653
680	661
680	846
680	856
680	881
680	909
680	915
681	34
681	410
681	593
681	651
681	751
681	762
681	828
681	839
681	941
681	996
682	324
682	658
682	703
682	713
682	786
682	821
682	847
682	904
682	971
682	978
683	169
683	291
683	345
683	411
683	571
683	575
683	620
683	789
683	896
683	968
684	361
684	569
684	666
684	756
684	811
684	931
684	990
684	992
684	993
684	994
685	629
685	825
685	863
685	911
685	949
685	950
685	951
685	961
685	970
685	980
686	191
686	207
686	438
686	570
686	837
686	858
686	942
686	949
686	977
686	988
687	17
687	394
687	587
687	589
687	790
687	795
687	928
687	933
687	939
687	964
688	108
688	245
688	454
688	499
688	630
688	715
688	787
688	796
688	877
688	885
689	456
689	539
689	643
689	870
689	879
689	882
689	901
689	942
689	977
689	988
690	269
690	302
690	510
690	527
690	555
690	659
690	740
690	847
690	904
690	971
691	632
691	783
691	895
691	903
691	952
691	953
691	954
691	958
691	975
691	982
692	228
692	293
692	506
692	632
692	760
692	913
692	925
692	930
692	969
692	989
693	221
693	250
693	334
693	348
693	574
693	718
693	928
693	933
693	939
693	964
694	21
694	288
694	403
694	479
694	496
694	531
694	810
694	819
694	829
694	887
695	675
695	731
695	797
695	825
695	911
695	922
695	949
695	950
695	959
695	980
696	788
696	873
696	874
696	916
696	945
696	948
696	979
696	984
696	985
696	986
697	9
697	264
697	374
697	484
697	893
697	957
697	963
697	983
697	996
697	999
698	46
698	822
698	834
698	838
698	873
698	878
698	892
698	979
698	984
698	986
699	20
699	588
699	644
699	800
699	809
699	826
699	842
699	935
699	978
699	1000
700	507
700	623
700	644
700	800
700	809
700	841
700	935
700	945
700	978
700	995
701	607
701	734
701	758
701	798
701	866
701	898
701	914
701	927
701	932
701	965
702	83
702	489
702	597
702	706
702	765
702	810
702	816
702	887
702	926
702	968
703	440
703	510
703	527
703	553
703	659
703	682
703	755
703	847
703	904
703	971
704	19
704	62
704	479
704	580
704	634
704	677
704	816
704	829
704	923
704	968
705	382
705	859
705	913
705	934
705	946
705	961
705	973
705	989
705	991
705	997
706	399
706	670
706	702
706	730
706	765
706	816
706	824
706	829
706	861
706	968
707	431
707	488
707	493
707	769
707	845
707	875
707	886
707	938
707	972
707	981
708	378
708	754
708	783
708	895
708	903
708	952
708	953
708	954
708	958
708	975
708	982
709	30
709	87
709	645
709	780
709	808
709	867
709	936
709	973
709	974
709	985
709	987
710	91
710	162
710	242
710	521
710	636
710	753
710	869
710	871
710	890
710	912
710	937
711	409
711	498
711	652
711	744
711	807
711	817
711	929
711	940
711	959
711	967
711	1000
712	416
712	544
712	676
712	722
712	802
712	897
712	963
712	992
712	993
712	998
712	999
713	225
713	491
713	555
713	650
713	682
713	740
713	752
713	821
713	847
713	904
713	971
714	490
714	726
714	756
714	762
714	791
714	888
714	897
714	918
714	966
714	990
714	992
715	21
715	244
715	245
715	282
715	333
715	630
715	649
715	688
715	787
715	796
715	885
716	420
716	543
716	746
716	770
716	772
716	835
716	969
716	973
716	974
716	983
716	987
717	147
717	257
717	285
717	356
717	663
717	742
717	775
717	828
717	941
717	983
717	996
718	17
718	301
718	574
718	587
718	693
718	795
718	928
718	933
718	934
718	939
718	964
719	586
719	605
719	750
719	773
719	851
719	852
719	894
719	921
719	923
719	956
719	960
720	47
720	62
720	133
720	634
720	639
720	677
720	810
720	887
720	926
720	937
720	962
721	3
721	111
721	151
721	399
721	414
721	596
721	639
721	730
721	810
721	816
721	968
722	314
722	330
722	331
722	407
722	712
722	820
722	931
722	970
722	990
722	998
722	999
723	118
723	309
723	533
723	534
723	624
723	767
723	831
723	848
723	884
723	962
723	976
724	143
724	362
724	759
724	809
724	841
724	864
724	945
724	955
724	978
724	995
724	1000
725	434
725	531
725	820
725	897
725	908
725	931
725	990
725	992
725	993
725	994
725	998
726	565
726	714
726	762
726	802
726	888
726	917
726	935
726	943
726	990
726	993
726	994
727	117
727	323
727	519
727	611
727	747
727	807
727	817
727	883
727	929
727	940
727	959
728	215
728	249
728	378
728	827
728	856
728	930
728	946
728	965
728	989
728	991
728	997
729	827
729	840
729	865
729	877
729	906
729	913
729	946
729	961
729	965
729	989
729	991
730	48
730	472
730	531
730	596
730	706
730	721
730	732
730	819
730	880
730	926
730	962
731	112
731	695
731	785
731	825
731	868
731	911
731	949
731	950
731	956
731	970
731	980
732	259
732	377
732	523
732	558
732	568
732	730
732	777
732	814
732	824
732	876
732	962
732	968
733	570
733	643
733	678
733	821
733	837
733	858
733	870
733	882
733	901
733	942
733	977
733	988
734	38
734	51
734	359
734	412
734	535
734	701
734	798
734	866
734	898
734	914
734	927
734	932
735	260
735	391
735	800
735	903
735	905
735	944
735	952
735	953
735	954
735	958
735	975
735	982
736	461
736	590
736	617
736	663
736	737
736	742
736	745
736	775
736	851
736	941
736	983
736	996
737	76
737	196
737	263
737	405
737	450
737	593
737	651
737	736
737	768
737	937
737	941
737	957
738	16
738	131
738	298
738	426
738	627
738	673
738	749
738	832
738	865
738	925
738	991
738	997
739	8
739	381
739	640
739	645
739	752
739	780
739	823
739	862
739	873
739	889
739	936
739	974
740	255
740	440
740	622
740	650
740	658
740	659
740	690
740	713
740	786
740	847
740	904
740	971
741	264
741	304
741	461
741	529
741	742
741	751
741	779
741	839
741	941
741	957
741	996
741	999
742	76
742	405
742	717
742	736
742	741
742	751
742	768
742	839
742	957
742	963
742	975
742	996
743	23
743	107
743	563
743	603
743	908
743	917
743	931
743	966
743	990
743	993
743	994
743	999
744	110
744	390
744	538
744	611
744	652
744	711
744	774
744	777
744	817
744	919
744	929
744	967
745	9
745	18
745	56
745	232
745	468
745	470
745	736
745	893
745	907
745	941
745	983
745	996
746	211
746	338
746	455
746	716
746	823
746	835
746	891
746	902
746	936
746	969
746	973
746	987
747	35
747	237
747	242
747	409
747	519
747	546
747	547
747	727
747	817
747	940
747	959
747	967
748	169
748	279
748	419
748	482
748	601
748	757
748	826
748	899
748	935
748	945
748	978
748	995
749	404
749	424
749	627
749	738
749	764
749	796
749	836
749	906
749	947
749	965
749	989
749	997
750	288
750	353
750	389
750	400
750	435
750	495
750	628
750	719
750	782
750	921
750	923
750	960
751	205
751	393
751	541
751	663
751	681
751	741
751	742
751	775
751	907
751	968
751	983
751	996
752	134
752	209
752	256
752	335
752	408
752	713
752	739
752	794
752	808
752	823
752	833
752	867
753	238
753	505
753	557
753	591
753	642
753	654
753	710
753	815
753	871
753	912
753	924
753	937
754	708
754	850
754	886
754	903
754	905
754	944
754	952
754	953
754	954
754	958
754	975
754	982
755	86
755	146
755	225
755	302
755	622
755	658
755	703
755	786
755	821
755	847
755	904
755	971
756	355
756	578
756	586
756	684
756	714
756	802
756	811
756	857
756	943
756	966
756	990
756	994
756	998
757	347
757	507
757	556
757	598
757	748
757	759
757	935
757	945
757	955
757	976
757	978
757	995
757	1000
758	485
758	494
758	551
758	560
758	574
758	668
758	701
758	798
758	866
758	898
758	914
758	927
758	932
759	122
759	283
759	623
759	724
759	757
759	855
759	864
759	923
759	945
759	955
759	978
759	995
759	1000
760	31
760	220
760	551
760	692
760	827
760	834
760	906
760	925
760	946
760	961
760	965
760	991
760	997
761	438
761	447
761	570
761	583
761	678
761	858
761	870
761	879
761	882
761	901
761	908
761	977
761	988
762	257
762	434
762	537
762	646
762	664
762	681
762	714
762	726
762	805
762	917
762	992
762	998
762	999
763	52
763	649
763	673
763	832
763	836
763	913
763	925
763	934
763	947
763	961
763	989
763	991
763	997
764	342
764	418
764	426
764	506
764	622
764	749
764	827
764	859
764	925
764	930
764	989
764	991
764	997
765	133
765	403
765	577
765	670
765	679
765	702
765	706
765	792
765	810
765	813
765	816
765	819
765	950
766	179
766	802
766	818
766	888
766	908
766	917
766	943
766	966
766	990
766	992
766	993
766	994
766	998
767	243
767	508
767	723
767	771
767	806
767	831
767	848
767	854
767	860
767	884
767	910
767	941
767	976
768	84
768	376
768	445
768	452
768	541
768	604
768	737
768	742
768	791
768	839
768	907
768	941
768	957
769	251
769	252
769	339
769	379
769	406
769	488
769	707
769	845
769	849
769	886
769	938
769	972
769	981
770	29
770	271
770	364
770	471
770	716
770	853
770	891
770	936
770	966
770	969
770	973
770	974
770	987
771	95
771	247
771	508
771	534
771	612
771	665
771	767
771	806
771	848
771	860
771	884
771	910
771	976
772	29
772	104
772	127
772	211
772	271
772	511
772	716
772	867
772	936
772	962
772	969
772	974
772	987
773	395
773	501
773	512
773	719
773	782
773	851
773	852
773	894
773	900
773	921
773	923
773	956
773	960
774	140
774	270
774	416
774	476
774	547
774	674
774	744
774	777
774	883
774	919
774	940
774	959
774	967
775	56
775	590
775	602
775	662
775	717
775	736
775	751
775	779
775	893
775	932
775	957
775	983
775	996
776	95
776	249
776	340
776	491
776	542
776	832
776	925
776	930
776	946
776	947
776	961
776	991
776	997
777	1
777	547
777	611
777	652
777	674
777	732
777	744
777	774
777	817
777	883
777	954
777	959
777	967
778	69
778	251
778	449
778	493
778	567
778	592
778	660
778	820
778	849
778	875
778	886
778	938
778	972
779	29
779	373
779	450
779	562
779	593
779	741
779	775
779	839
779	844
779	893
779	957
779	963
779	996
780	572
780	647
780	709
780	739
780	823
780	833
780	889
780	902
780	966
780	969
780	973
780	974
780	987
781	25
781	135
781	306
781	515
781	579
781	803
781	827
781	925
781	961
781	965
781	989
781	991
781	997
782	130
782	395
782	459
782	471
782	655
782	750
782	773
782	880
782	894
782	900
782	921
782	956
782	960
783	637
783	691
783	708
783	850
783	895
783	897
783	903
783	944
783	952
783	953
783	954
783	958
783	975
783	982
784	138
784	148
784	436
784	791
784	843
784	857
784	888
784	894
784	917
784	918
784	951
784	990
784	994
784	998
785	65
785	486
785	503
785	731
785	797
785	825
785	868
785	911
785	922
785	949
785	950
785	951
785	970
785	980
786	324
786	491
786	527
786	599
786	622
786	658
786	659
786	674
786	682
786	740
786	755
786	847
786	952
786	971
787	105
787	189
787	245
787	386
787	545
787	614
787	630
787	649
787	688
787	715
787	796
787	862
787	877
787	885
788	532
788	671
788	696
788	812
788	838
788	874
788	878
788	900
788	920
788	948
788	979
788	984
788	985
788	986
789	59
789	169
789	265
789	291
789	303
789	332
789	401
789	411
789	443
789	571
789	575
789	585
789	683
789	861
790	272
790	301
790	312
790	394
790	512
790	540
790	587
790	667
790	687
790	846
790	928
790	933
790	939
790	964
791	407
791	416
791	714
791	768
791	784
791	802
791	830
791	888
791	918
791	931
791	966
791	994
791	998
791	999
792	3
792	63
792	200
792	246
792	315
792	459
792	531
792	561
792	677
792	765
792	813
792	814
792	962
792	968
793	220
793	392
793	672
793	850
793	895
793	903
793	905
793	944
793	952
793	953
793	954
793	958
793	975
793	982
794	87
794	468
794	513
794	752
794	808
794	835
794	853
794	889
794	902
794	936
794	969
794	974
794	979
794	987
795	157
795	276
795	323
795	512
795	540
795	589
795	667
795	687
795	718
795	925
795	928
795	933
795	939
795	964
796	82
796	189
796	219
796	282
796	286
796	499
796	545
796	630
796	688
796	715
796	749
796	787
796	877
796	885
797	564
797	641
797	675
797	695
797	785
797	863
797	868
797	906
797	911
797	922
797	949
797	950
797	951
797	980
798	301
798	412
798	427
798	462
798	560
798	607
798	668
798	701
798	734
798	758
798	898
798	914
798	927
798	932
799	52
799	384
799	432
799	460
799	537
799	897
799	918
799	931
799	943
799	990
799	992
799	993
799	994
799	998
800	96
800	255
800	504
800	563
800	699
800	700
800	735
800	841
800	872
800	899
800	935
800	978
800	995
800	1000
801	382
801	542
801	827
801	832
801	906
801	913
801	925
801	926
801	946
801	947
801	961
801	965
801	989
801	991
802	280
802	712
802	726
802	756
802	766
802	791
802	830
802	931
802	966
802	990
802	992
802	993
802	994
802	998
803	143
803	336
803	781
803	859
803	878
803	913
803	925
803	930
803	934
803	947
803	961
803	989
803	991
803	997
804	89
804	120
804	316
804	327
804	423
804	597
804	661
804	818
804	846
804	856
804	881
804	909
804	912
804	915
805	257
805	573
805	676
805	762
805	857
805	908
805	917
805	943
805	966
805	990
805	992
805	993
805	994
805	999
806	78
806	309
806	369
806	461
806	492
806	566
806	608
806	624
806	767
806	771
806	860
806	884
806	910
806	976
807	42
807	176
807	197
807	313
807	611
807	652
807	711
807	727
807	883
807	919
807	929
807	940
807	959
807	967
808	134
808	511
808	709
808	752
808	794
808	862
808	867
808	889
808	891
808	902
808	969
808	971
808	974
808	987
809	283
809	362
809	504
809	525
809	548
809	576
809	699
809	700
809	724
809	911
809	935
809	945
809	955
809	1000
810	21
810	51
810	113
810	638
810	694
810	702
810	720
810	721
810	765
810	829
810	876
810	887
810	926
810	962
810	991
811	156
811	258
811	684
811	756
811	830
811	840
811	843
811	918
811	931
811	943
811	990
811	992
811	993
811	998
811	999
812	370
812	489
812	625
812	656
812	788
812	822
812	834
812	878
812	892
812	916
812	920
812	948
812	979
812	984
812	985
813	51
813	63
813	93
813	101
813	113
813	230
813	318
813	489
813	577
813	765
813	792
813	829
813	926
813	962
813	968
814	161
814	259
814	377
814	414
814	580
814	616
814	634
814	732
814	792
814	816
814	819
814	876
814	887
814	926
814	962
815	162
815	322
815	550
815	557
815	591
815	609
815	636
815	654
815	753
815	871
815	887
815	890
815	912
815	924
815	937
816	19
816	32
816	151
816	254
816	509
816	596
816	702
816	704
816	706
816	721
816	765
816	814
816	829
816	962
816	993
817	90
817	170
817	538
817	648
817	711
817	727
817	744
817	747
817	777
817	883
817	919
817	929
817	940
817	967
817	997
818	310
818	316
818	327
818	352
818	398
818	423
818	435
818	661
818	766
818	804
818	846
818	856
818	881
818	909
818	915
819	83
819	101
819	119
819	230
819	297
819	580
819	616
819	694
819	730
819	765
819	814
819	876
819	887
819	968
819	989
820	10
820	434
820	633
820	646
820	722
820	725
820	778
820	830
820	843
820	897
820	931
820	992
820	993
820	998
820	999
821	126
821	440
821	491
821	510
821	527
821	553
821	599
821	659
821	682
821	713
821	733
821	755
821	847
821	904
821	971
822	698
822	812
822	838
822	854
822	865
822	873
822	874
822	878
822	916
822	920
822	948
822	979
822	984
822	985
822	986
823	455
823	520
823	554
823	596
823	645
823	739
823	746
823	752
823	780
823	835
823	862
823	889
823	936
823	969
823	973
823	974
824	45
824	48
824	50
824	213
824	496
824	580
824	596
824	631
824	638
824	639
824	679
824	706
824	732
824	829
824	962
824	965
825	326
825	376
825	619
825	685
825	695
825	731
825	785
825	863
825	868
825	911
825	922
825	949
825	950
825	951
825	970
825	980
826	161
826	233
826	252
826	255
826	362
826	497
826	548
826	699
826	748
826	842
826	872
826	945
826	955
826	992
826	995
826	1000
827	153
827	362
827	426
827	500
827	627
827	728
827	729
827	760
827	764
827	781
827	801
827	859
827	865
827	947
827	965
827	991
828	132
828	321
828	356
828	374
828	529
828	541
828	602
828	681
828	717
828	839
828	907
828	941
828	957
828	963
828	983
828	996
829	21
829	119
829	213
829	568
829	634
829	677
829	679
829	694
829	704
829	706
829	810
829	813
829	816
829	824
829	981
829	999
830	258
830	355
830	584
830	662
830	791
830	802
830	811
830	820
830	843
830	849
830	888
830	931
830	992
830	993
830	998
830	999
831	247
831	369
831	399
831	466
831	492
831	533
831	566
831	624
831	723
831	767
831	848
831	854
831	860
831	884
831	910
831	976
832	60
832	74
832	135
832	249
832	306
832	606
832	627
832	738
832	763
832	776
832	801
832	840
832	934
832	946
832	962
832	991
833	154
833	209
833	441
833	468
833	520
833	647
833	752
833	780
833	853
833	862
833	867
833	889
833	891
833	941
833	969
833	973
834	402
834	517
834	532
834	698
834	760
834	812
834	838
834	873
834	874
834	878
834	892
834	920
834	948
834	979
834	984
834	985
834	986
835	160
835	256
835	271
835	468
835	477
835	594
835	716
835	746
835	794
835	823
835	853
835	862
835	866
835	889
835	891
835	969
835	974
836	73
836	137
836	144
836	202
836	223
836	329
836	404
836	415
836	448
836	749
836	763
836	913
836	961
836	965
836	989
836	991
836	997
837	49
837	152
837	159
837	206
837	273
837	290
837	456
837	569
837	583
837	678
837	686
837	733
837	858
837	870
837	942
837	977
837	988
838	164
838	188
838	227
838	328
838	626
838	656
838	698
838	788
838	822
838	834
838	878
838	920
838	948
838	979
838	984
838	985
838	986
839	18
839	163
839	374
839	452
839	469
839	484
839	590
839	681
839	741
839	742
839	768
839	779
839	828
839	957
839	963
839	983
839	996
840	29
840	139
840	180
840	342
840	480
840	500
840	506
840	729
840	811
840	832
840	865
840	913
840	930
840	934
840	947
840	989
840	991
841	70
841	421
841	422
841	514
841	578
841	598
841	700
841	724
841	800
841	842
841	855
841	864
841	872
841	935
841	945
841	995
841	1000
842	116
842	192
842	255
842	419
842	433
842	443
842	497
842	617
842	699
842	826
842	841
842	864
842	935
842	945
842	955
842	978
842	1000
843	107
843	138
843	314
843	544
843	784
843	811
843	820
843	830
843	908
843	917
843	918
843	928
843	931
843	990
843	994
843	998
843	999
844	18
844	285
844	393
844	395
844	484
844	529
844	593
844	602
844	617
844	657
844	779
844	893
844	907
844	941
844	963
844	983
844	996
845	16
845	36
845	216
845	313
845	439
845	463
845	493
845	592
845	610
845	635
845	677
845	707
845	769
845	849
845	886
845	972
845	981
846	89
846	120
846	310
846	327
846	398
846	435
846	451
846	597
846	653
846	661
846	680
846	790
846	804
846	818
846	881
846	909
846	915
847	27
847	86
847	214
847	555
847	622
847	650
847	659
847	682
847	690
847	703
847	713
847	740
847	755
847	786
847	821
847	939
847	971
848	14
848	167
848	218
848	372
848	534
848	608
848	612
848	639
848	665
848	723
848	767
848	771
848	831
848	854
848	860
848	910
848	976
849	28
849	210
849	216
849	367
849	439
849	463
849	488
849	660
849	769
849	778
849	830
849	845
849	875
849	886
849	938
849	972
849	981
850	486
850	645
850	669
850	672
850	754
850	783
850	793
850	886
850	903
850	905
850	944
850	952
850	953
850	954
850	958
850	975
850	982
851	268
851	353
851	388
851	400
851	495
851	559
851	586
851	719
851	736
851	773
851	852
851	880
851	894
851	921
851	923
851	956
851	960
852	106
852	287
852	288
852	395
852	559
852	605
852	628
852	655
852	719
852	773
852	851
852	880
852	900
852	921
852	923
852	960
852	978
853	381
853	441
853	471
853	572
853	594
853	770
853	794
853	833
853	835
853	889
853	891
853	902
853	936
853	969
853	973
853	974
853	980
853	987
854	78
854	218
854	243
854	309
854	369
854	466
854	608
854	612
854	665
854	767
854	822
854	831
854	848
854	860
854	874
854	884
854	910
854	976
855	96
855	279
855	390
855	442
855	482
855	495
855	514
855	556
855	563
855	651
855	759
855	841
855	864
855	872
855	935
855	945
855	978
855	1000
856	75
856	100
856	261
856	266
856	316
856	320
856	352
856	423
856	444
856	451
856	661
856	680
856	728
856	804
856	818
856	881
856	909
856	915
857	114
857	179
857	366
857	380
857	432
857	453
857	460
857	756
857	784
857	805
857	891
857	917
857	943
857	966
857	988
857	990
857	992
857	993
858	152
858	194
858	206
858	273
858	539
858	557
858	570
858	621
858	626
858	643
858	686
858	733
858	761
858	837
858	901
858	922
858	977
858	988
859	74
859	336
859	378
859	387
859	606
859	673
859	705
859	764
859	803
859	827
859	906
859	913
859	925
859	930
859	934
859	946
859	989
859	991
860	14
860	78
860	118
860	175
860	199
860	309
860	566
860	612
860	767
860	771
860	806
860	831
860	848
860	854
860	884
860	910
860	933
860	976
861	55
861	150
861	265
861	291
861	300
861	383
861	401
861	522
861	530
861	542
861	571
861	575
861	581
861	585
861	620
861	706
861	789
861	896
862	160
862	408
862	441
862	477
862	527
862	573
862	594
862	739
862	787
862	808
862	823
862	833
862	835
862	889
862	936
862	969
862	973
862	974
862	987
863	387
863	467
863	564
863	619
863	629
863	638
863	641
863	685
863	797
863	825
863	868
863	892
863	911
863	922
863	949
863	950
863	951
863	970
863	980
864	142
864	347
864	497
864	601
864	618
864	644
864	724
864	759
864	841
864	842
864	855
864	899
864	918
864	935
864	945
864	955
864	978
864	995
864	1000
865	131
865	135
865	298
865	506
865	515
865	729
865	738
865	822
865	827
865	840
865	906
865	930
865	934
865	946
865	947
865	961
865	989
865	996
865	997
866	38
866	98
866	237
866	280
866	412
866	462
866	494
866	552
866	560
866	607
866	668
866	701
866	734
866	758
866	835
866	898
866	914
866	927
866	932
867	154
867	175
867	201
867	229
867	256
867	425
867	441
867	572
867	709
867	752
867	772
867	808
867	833
867	889
867	891
867	902
867	973
867	974
867	987
868	262
868	310
868	437
868	509
868	629
868	641
868	675
868	731
868	785
868	797
868	825
868	863
868	911
868	922
868	949
868	950
868	951
868	970
868	980
869	81
869	103
869	121
869	305
869	513
869	518
869	521
869	550
869	557
869	579
869	636
869	642
869	654
869	710
869	871
869	890
869	912
869	924
869	937
870	67
870	152
870	183
870	190
870	194
870	290
870	406
870	413
870	458
870	633
870	689
870	733
870	761
870	837
870	879
870	882
870	901
870	977
870	988
871	94
871	99
871	103
871	518
871	521
871	579
871	609
871	642
871	654
871	710
871	753
871	815
871	869
871	890
871	912
871	924
871	937
871	963
871	981
872	73
872	161
872	338
872	484
872	548
872	576
872	588
872	644
872	800
872	826
872	841
872	855
872	899
872	945
872	947
872	955
872	978
872	995
872	1000
873	123
873	227
873	274
873	396
873	582
873	625
873	671
873	696
873	698
873	739
873	822
873	834
873	878
873	920
873	948
873	979
873	984
873	985
873	986
874	430
874	465
874	584
874	625
874	671
874	696
874	788
874	822
874	834
874	854
874	878
874	892
874	916
874	920
874	948
874	979
874	984
874	985
874	986
875	93
875	215
875	267
875	289
875	339
875	371
875	464
875	567
875	610
875	635
875	660
875	707
875	778
875	849
875	886
875	938
875	959
875	972
875	981
876	19
876	45
876	47
876	101
876	119
876	151
876	238
876	399
876	429
876	496
876	523
876	639
876	640
876	670
876	732
876	810
876	814
876	819
876	968
876	998
877	82
877	105
877	198
877	219
877	244
877	245
877	282
877	286
877	333
877	386
877	454
877	499
877	545
877	614
877	649
877	688
877	729
877	787
877	796
877	885
878	158
878	344
878	417
878	698
878	788
878	803
878	812
878	822
878	834
878	838
878	873
878	874
878	892
878	916
878	920
878	948
878	979
878	984
878	985
878	986
879	159
879	190
879	290
879	358
879	413
879	456
879	458
879	539
879	583
879	626
879	643
879	689
879	761
879	870
879	882
879	901
879	920
879	942
879	977
879	988
880	115
880	132
880	168
880	308
880	389
880	453
880	501
880	586
880	600
880	628
880	730
880	782
880	851
880	852
880	894
880	900
880	921
880	923
880	956
880	960
881	39
881	261
881	266
881	310
881	352
881	398
881	423
881	435
881	444
881	451
881	597
881	653
881	680
881	804
881	818
881	846
881	856
881	901
881	909
881	915
882	159
882	182
882	240
882	273
882	319
882	320
882	456
882	539
882	626
882	643
882	689
882	733
882	761
882	870
882	879
882	901
882	942
882	970
882	977
882	988
883	34
883	66
883	110
883	125
883	173
883	337
883	519
883	546
883	547
883	648
883	674
883	727
883	774
883	777
883	807
883	817
883	905
883	919
883	959
883	967
884	14
884	247
884	372
884	478
884	492
884	533
884	566
884	612
884	624
884	665
884	723
884	767
884	771
884	806
884	831
884	854
884	860
884	910
884	976
884	985
885	82
885	105
885	189
885	198
885	219
885	244
885	245
885	286
885	333
885	386
885	454
885	499
885	545
885	614
885	630
885	688
885	715
885	787
885	796
885	877
885	979
886	216
886	289
886	313
886	367
886	379
886	431
886	449
886	592
886	610
886	635
886	660
886	707
886	754
886	769
886	778
886	845
886	849
886	850
886	875
886	938
886	981
887	40
887	111
887	296
887	297
887	429
887	472
887	580
887	616
887	631
887	638
887	694
887	702
887	720
887	810
887	814
887	815
887	819
887	899
887	926
887	962
887	968
888	15
888	366
888	436
888	473
888	569
888	646
888	714
888	726
888	766
888	784
888	791
888	830
888	897
888	908
888	917
888	918
888	943
888	966
888	990
888	992
888	993
889	172
889	229
889	360
889	511
889	543
889	573
889	739
889	780
889	794
889	808
889	823
889	833
889	835
889	853
889	862
889	867
889	891
889	921
889	969
889	974
889	987
890	91
890	99
890	305
890	322
890	505
890	518
890	557
890	591
890	609
890	636
890	642
890	654
890	710
890	815
890	869
890	871
890	910
890	912
890	924
890	937
890	960
891	360
891	420
891	477
891	511
891	526
891	640
891	647
891	746
891	770
891	808
891	833
891	835
891	853
891	857
891	867
891	889
891	936
891	969
891	973
891	974
891	987
892	299
892	344
892	349
892	370
892	397
892	582
892	613
892	656
892	671
892	698
892	812
892	834
892	863
892	874
892	878
892	916
892	948
892	979
892	984
892	985
892	986
893	217
893	351
893	410
893	461
893	470
893	481
893	590
893	602
893	617
893	662
893	663
893	697
893	745
893	775
893	779
893	844
893	907
893	941
893	957
893	981
893	983
894	115
894	186
894	268
894	388
894	389
894	501
894	559
894	600
894	628
894	655
894	719
894	773
894	782
894	784
894	851
894	880
894	900
894	921
894	923
894	956
894	960
895	165
895	343
895	388
895	392
895	615
895	637
895	669
895	672
895	691
895	708
895	783
895	793
895	905
895	928
895	944
895	952
895	953
895	954
895	958
895	975
895	982
896	5
896	57
896	86
896	150
896	265
896	291
896	300
896	345
896	383
896	401
896	411
896	443
896	522
896	530
896	571
896	575
896	581
896	585
896	620
896	683
896	861
897	2
897	380
897	432
897	434
897	460
897	553
897	569
897	584
897	664
897	712
897	714
897	725
897	783
897	799
897	820
897	888
897	918
897	966
897	993
897	994
897	998
898	64
898	98
898	354
898	359
898	427
898	462
898	485
898	494
898	552
898	607
898	660
898	668
898	701
898	734
898	758
898	798
898	866
898	914
898	917
898	927
898	932
899	92
899	96
899	122
899	142
899	178
899	433
899	474
899	497
899	618
899	748
899	800
899	864
899	872
899	887
899	935
899	945
899	955
899	978
899	994
899	995
899	1000
900	102
900	130
900	353
900	389
900	400
900	459
900	495
900	559
900	586
900	600
900	605
900	773
900	782
900	788
900	852
900	880
900	894
900	921
900	923
900	956
900	960
901	49
901	128
901	182
901	185
901	191
901	438
901	621
901	626
901	643
901	678
901	689
901	733
901	761
901	858
901	870
901	879
901	881
901	882
901	942
901	977
901	988
901	998
902	40
902	127
902	201
902	278
902	468
902	477
902	513
902	520
902	543
902	594
902	645
902	746
902	780
902	794
902	808
902	853
902	867
902	936
902	969
902	973
902	974
902	987
903	260
903	502
903	549
903	669
903	672
903	691
903	708
903	735
903	754
903	783
903	793
903	850
903	904
903	905
903	919
903	944
903	952
903	953
903	954
903	958
903	975
903	982
904	27
904	37
904	108
904	214
904	269
904	324
904	491
904	527
904	553
904	555
904	599
904	622
904	650
904	682
904	690
904	703
904	713
904	740
904	755
904	821
904	903
904	930
904	971
905	61
905	71
905	222
905	308
905	343
905	457
905	549
905	615
905	672
905	735
905	754
905	793
905	850
905	883
905	895
905	903
905	944
905	952
905	953
905	954
905	958
905	975
905	982
906	95
906	139
906	144
906	146
906	223
906	329
906	418
906	503
906	515
906	632
906	729
906	749
906	760
906	797
906	801
906	859
906	865
906	925
906	934
906	946
906	947
906	989
906	997
907	54
907	84
907	374
907	376
907	385
907	405
907	410
907	469
907	562
907	595
907	657
907	745
907	751
907	768
907	828
907	844
907	893
907	909
907	941
907	957
907	982
907	983
907	996
908	166
908	275
908	289
908	330
908	331
908	384
908	407
908	436
908	664
908	676
908	725
908	743
908	761
908	766
908	805
908	843
908	888
908	918
908	943
908	992
908	993
908	998
908	999
909	39
909	75
909	89
909	120
909	261
909	310
909	316
909	320
909	423
909	435
909	444
909	451
909	597
909	653
909	661
909	680
909	804
909	818
909	846
909	856
909	881
909	907
909	915
910	118
910	167
910	199
910	243
910	369
910	372
910	466
910	492
910	508
910	533
910	534
910	612
910	767
910	771
910	806
910	831
910	848
910	854
910	860
910	884
910	890
910	929
910	976
911	26
911	321
911	387
911	467
911	503
911	619
911	641
911	675
911	685
911	695
911	731
911	785
911	797
911	809
911	825
911	863
911	868
911	922
911	949
911	950
911	951
911	970
911	980
912	24
912	99
912	121
912	153
912	305
912	322
912	518
912	521
912	550
912	579
912	609
912	636
912	654
912	710
912	753
912	804
912	815
912	869
912	871
912	890
912	924
912	937
912	942
913	22
913	228
913	262
913	293
913	306
913	415
913	480
913	500
913	692
913	705
913	729
913	763
913	801
913	803
913	836
913	840
913	859
913	930
913	934
913	947
913	965
913	985
913	989
913	991
914	64
914	105
914	237
914	280
914	293
914	354
914	359
914	412
914	427
914	462
914	485
914	535
914	552
914	560
914	607
914	668
914	701
914	734
914	758
914	798
914	866
914	898
914	927
914	932
915	39
915	75
915	100
915	166
915	261
915	266
915	316
915	320
915	327
915	423
915	435
915	444
915	451
915	597
915	653
915	655
915	661
915	680
915	804
915	818
915	846
915	856
915	881
915	909
916	158
916	248
916	396
916	397
916	402
916	475
916	532
916	582
916	625
916	671
916	696
916	812
916	822
916	874
916	878
916	892
916	917
916	920
916	948
916	972
916	979
916	984
916	985
916	986
917	365
917	460
917	537
917	584
917	646
917	664
917	676
917	726
917	743
917	762
917	766
917	784
917	805
917	843
917	857
917	888
917	898
917	916
917	943
917	966
917	990
917	992
917	994
917	999
918	23
918	281
918	330
918	365
918	483
918	537
918	633
918	714
918	784
918	791
918	799
918	811
918	843
918	864
918	888
918	897
918	908
918	966
918	990
918	992
918	993
918	994
918	998
918	999
919	35
919	72
919	140
919	170
919	176
919	193
919	242
919	270
919	337
919	350
919	546
919	611
919	648
919	674
919	744
919	774
919	807
919	817
919	883
919	903
919	929
919	940
919	959
919	967
919	988
920	164
920	248
920	274
920	396
920	397
920	430
920	465
920	517
920	625
920	647
920	788
920	812
920	822
920	834
920	838
920	873
920	874
920	878
920	879
920	916
920	948
920	979
920	984
920	985
920	986
921	102
921	115
921	129
921	168
921	186
921	195
921	268
921	287
921	353
921	459
921	586
921	646
921	655
921	719
921	750
921	773
921	782
921	851
921	852
921	880
921	889
921	894
921	900
921	956
921	960
922	26
922	109
922	123
922	141
922	239
922	387
922	437
922	467
922	509
922	516
922	641
922	675
922	695
922	785
922	797
922	825
922	858
922	863
922	868
922	911
922	949
922	950
922	951
922	970
922	980
923	124
923	129
923	130
923	132
923	388
923	389
923	395
923	495
923	501
923	559
923	605
923	628
923	655
923	704
923	719
923	750
923	759
923	773
923	851
923	852
923	880
923	894
923	900
923	956
923	960
924	24
924	91
924	103
924	153
924	162
924	307
924	322
924	446
924	505
924	518
924	521
924	550
924	557
924	579
924	591
924	636
924	642
924	654
924	753
924	815
924	869
924	871
924	890
924	912
924	931
924	937
925	336
925	382
925	404
925	473
925	606
925	627
925	673
925	692
925	738
925	760
925	763
925	764
925	776
925	781
925	795
925	801
925	803
925	859
925	906
925	930
925	961
925	965
925	975
925	989
925	991
925	997
926	40
926	50
926	58
926	133
926	254
926	297
926	403
926	479
926	489
926	498
926	558
926	561
926	568
926	631
926	639
926	679
926	702
926	720
926	730
926	801
926	810
926	813
926	814
926	887
926	962
926	968
927	38
927	64
927	98
927	280
927	354
927	359
927	412
927	427
927	462
927	485
927	494
927	535
927	552
927	560
927	607
927	668
927	701
927	734
927	758
927	798
927	866
927	898
927	914
927	932
927	943
927	990
928	136
928	203
928	250
928	272
928	276
928	301
928	311
928	323
928	357
928	394
928	512
928	540
928	574
928	587
928	589
928	667
928	687
928	693
928	718
928	790
928	795
928	843
928	895
928	933
928	939
928	964
929	42
929	53
929	110
929	117
929	173
929	193
929	350
929	363
929	409
929	476
929	498
929	519
929	538
929	546
929	674
929	711
929	727
929	744
929	807
929	817
929	910
929	919
929	940
929	953
929	959
929	967
930	68
930	143
930	180
930	348
930	382
930	424
930	542
930	627
930	692
930	728
930	764
930	776
930	803
930	840
930	859
930	865
930	904
930	913
930	925
930	934
930	946
930	947
930	965
930	989
930	991
930	1000
931	171
931	330
931	384
931	416
931	483
931	578
931	666
931	684
931	722
931	725
931	743
931	791
931	799
931	802
931	811
931	820
931	830
931	843
931	924
931	943
931	969
931	990
931	992
931	993
931	994
931	998
931	999
932	38
932	64
932	98
932	237
932	280
932	354
932	359
932	412
932	427
932	462
932	485
932	494
932	535
932	552
932	560
932	607
932	668
932	701
932	734
932	758
932	775
932	798
932	866
932	898
932	914
932	927
932	974
933	17
933	41
933	136
933	157
933	203
933	221
933	250
933	304
933	311
933	312
933	334
933	394
933	512
933	540
933	587
933	589
933	667
933	687
933	693
933	718
933	790
933	795
933	860
933	928
933	939
933	955
933	964
934	74
934	135
934	180
934	215
934	220
934	236
934	249
934	378
934	418
934	542
934	673
934	705
934	718
934	763
934	803
934	832
934	840
934	859
934	865
934	906
934	913
934	930
934	947
934	965
934	989
934	991
934	997
935	96
935	188
935	192
935	361
935	422
935	482
935	504
935	525
935	576
935	623
935	699
935	700
935	726
935	748
935	757
935	800
935	809
935	841
935	842
935	855
935	864
935	899
935	945
935	955
935	975
935	978
935	995
936	8
936	77
936	97
936	134
936	181
936	256
936	360
936	363
936	364
936	420
936	455
936	543
936	554
936	647
936	709
936	739
936	746
936	770
936	772
936	794
936	823
936	853
936	862
936	891
936	902
936	974
936	987
937	24
937	91
937	94
937	103
937	121
937	162
937	305
937	307
937	505
937	518
937	521
937	557
937	579
937	609
937	636
937	642
937	654
937	710
937	720
937	737
937	753
937	815
937	869
937	871
937	890
937	912
937	924
938	36
938	69
938	210
938	251
938	252
938	254
938	273
938	289
938	341
938	371
938	431
938	439
938	449
938	464
938	487
938	567
938	592
938	610
938	635
938	660
938	707
938	769
938	778
938	849
938	875
938	886
938	972
938	981
939	17
939	129
939	136
939	157
939	203
939	221
939	224
939	272
939	311
939	312
939	323
939	334
939	357
939	512
939	540
939	574
939	587
939	589
939	667
939	687
939	693
939	718
939	790
939	795
939	847
939	928
939	933
939	964
940	1
940	35
940	42
940	53
940	66
940	81
940	97
940	117
940	125
940	140
940	184
940	212
940	350
940	538
940	546
940	611
940	652
940	711
940	727
940	747
940	774
940	807
940	817
940	919
940	929
940	959
940	967
940	980
941	54
941	84
941	303
941	304
941	405
941	445
941	446
941	470
941	536
941	602
941	662
941	663
941	681
941	717
941	736
941	737
941	741
941	745
941	767
941	768
941	828
941	833
941	844
941	893
941	907
941	963
941	983
941	996
942	128
942	182
942	183
942	185
942	194
942	207
942	225
942	319
942	358
942	406
942	447
942	458
942	539
942	583
942	621
942	626
942	643
942	678
942	686
942	689
942	733
942	837
942	879
942	882
942	901
942	912
942	977
942	988
943	114
943	257
943	384
943	453
943	518
943	544
943	603
943	633
943	676
943	726
943	756
943	766
943	799
943	805
943	811
943	857
943	888
943	908
943	917
943	927
943	931
943	966
943	990
943	992
943	993
943	994
943	998
943	999
944	71
944	165
944	235
944	236
944	391
944	457
944	486
944	502
944	528
944	543
944	549
944	588
944	615
944	637
944	735
944	754
944	783
944	793
944	850
944	895
944	903
944	905
944	952
944	953
944	954
944	958
944	975
944	982
945	70
945	88
945	116
945	177
945	421
945	422
945	478
945	525
945	548
945	644
945	696
945	700
945	724
945	748
945	757
945	759
945	809
945	826
945	841
945	842
945	855
945	864
945	872
945	899
945	935
945	955
945	978
945	995
945	1000
946	58
946	60
946	144
946	292
946	298
946	329
946	448
946	473
946	515
946	523
946	606
946	673
946	705
946	728
946	729
946	760
946	776
946	801
946	832
946	859
946	865
946	906
946	930
946	947
946	950
946	965
946	989
946	991
946	997
947	146
947	178
947	180
947	292
947	306
947	336
947	348
947	404
947	424
947	500
947	749
947	763
947	776
947	801
947	803
947	827
947	840
947	865
947	872
947	906
947	913
947	930
947	934
947	946
947	961
947	965
947	989
947	991
947	997
948	46
948	248
948	277
948	417
948	430
948	465
948	475
948	517
948	530
948	582
948	613
948	656
948	696
948	788
948	812
948	822
948	834
948	838
948	873
948	874
948	878
948	892
948	916
948	920
948	973
948	979
948	984
948	985
948	986
949	33
949	109
949	149
949	168
949	182
949	253
949	262
949	295
949	467
949	516
949	564
949	619
949	629
949	675
949	685
949	686
949	695
949	731
949	785
949	797
949	825
949	863
949	868
949	911
949	922
949	950
949	951
949	970
949	980
950	33
950	149
950	253
950	295
950	437
950	503
950	509
950	516
950	564
950	619
950	629
950	641
950	675
950	685
950	695
950	731
950	765
950	785
950	797
950	825
950	863
950	868
950	911
950	922
950	946
950	949
950	951
950	970
950	980
951	65
951	112
951	141
951	174
951	253
951	262
951	326
951	437
951	467
951	503
951	509
951	516
951	619
951	629
951	641
951	675
951	685
951	784
951	785
951	797
951	825
951	863
951	868
951	911
951	922
951	949
951	950
951	970
951	980
952	71
952	79
952	165
952	241
952	296
952	431
952	457
952	502
952	549
952	615
952	637
952	669
952	691
952	708
952	735
952	754
952	783
952	786
952	793
952	850
952	895
952	903
952	905
952	944
952	953
952	954
952	958
952	975
952	982
953	222
953	235
953	343
953	375
953	428
953	486
953	502
953	528
953	637
953	669
953	672
953	691
953	708
953	735
953	754
953	783
953	793
953	850
953	895
953	903
953	905
953	929
953	944
953	952
953	954
953	958
953	971
953	975
953	982
953	993
954	61
954	79
954	260
954	368
954	375
954	392
954	428
954	457
954	486
954	528
954	615
954	635
954	669
954	691
954	708
954	735
954	754
954	777
954	783
954	793
954	850
954	895
954	903
954	905
954	944
954	952
954	953
954	958
954	975
954	982
955	6
955	70
955	88
955	122
955	188
955	279
955	294
955	421
955	422
955	433
955	514
955	548
955	576
955	588
955	623
955	724
955	757
955	759
955	809
955	826
955	842
955	864
955	872
955	899
955	933
955	935
955	945
955	958
955	978
955	995
955	1000
956	106
956	115
956	129
956	130
956	168
956	186
956	268
956	287
956	288
956	308
956	325
956	388
956	400
956	501
956	559
956	600
956	605
956	628
956	655
956	672
956	719
956	731
956	773
956	782
956	851
956	880
956	894
956	900
956	921
956	923
956	960
957	76
957	84
957	263
957	325
957	373
957	385
957	393
957	469
957	524
957	536
957	562
957	595
957	602
957	604
957	617
957	662
957	697
957	737
957	741
957	742
957	768
957	775
957	779
957	828
957	839
957	893
957	907
957	963
957	982
957	983
957	996
958	61
958	236
958	241
958	343
958	375
958	391
958	428
958	457
958	486
958	528
958	549
958	618
958	637
958	669
958	691
958	708
958	735
958	754
958	783
958	793
958	850
958	895
958	903
958	905
958	944
958	952
958	953
958	954
958	955
958	975
958	982
959	1
959	44
959	72
959	81
959	90
959	125
959	170
959	176
959	193
959	197
959	350
959	363
959	476
959	498
959	546
959	547
959	648
959	674
959	695
959	711
959	727
959	747
959	774
959	777
959	807
959	875
959	883
959	919
959	929
959	940
959	967
960	102
960	106
960	124
960	132
960	186
960	195
960	268
960	308
960	353
960	389
960	395
960	495
960	501
960	504
960	600
960	628
960	655
960	719
960	750
960	773
960	782
960	851
960	852
960	880
960	890
960	894
960	900
960	921
960	923
960	956
960	966
961	22
961	68
961	202
961	293
961	336
961	342
961	378
961	382
961	424
961	426
961	524
961	551
961	632
961	673
961	685
961	705
961	729
961	760
961	763
961	776
961	781
961	801
961	803
961	836
961	865
961	925
961	947
961	989
961	991
961	996
961	997
962	63
962	315
962	318
962	425
962	429
962	479
962	496
962	523
962	558
962	561
962	577
962	596
962	631
962	634
962	638
962	670
962	679
962	720
962	723
962	730
962	732
962	772
962	792
962	810
962	813
962	814
962	816
962	824
962	832
962	887
962	926
962	968
963	76
963	94
963	303
963	325
963	346
963	385
963	393
963	410
963	445
963	446
963	450
963	452
963	481
963	484
963	529
963	541
963	617
963	651
963	662
963	663
963	697
963	712
963	742
963	779
963	828
963	839
963	844
963	871
963	941
963	957
963	983
963	996
964	41
964	157
964	203
964	221
964	224
964	250
964	272
964	276
964	301
964	311
964	312
964	323
964	334
964	357
964	394
964	512
964	540
964	574
964	587
964	589
964	667
964	687
964	693
964	718
964	790
964	795
964	928
964	933
964	939
964	977
964	986
964	987
965	139
965	202
965	208
965	292
965	298
965	329
965	340
965	404
965	415
965	426
965	500
965	542
965	673
965	701
965	728
965	729
965	749
965	760
965	781
965	801
965	824
965	827
965	836
965	913
965	925
965	930
965	934
965	946
965	947
965	983
965	989
965	991
965	997
966	2
966	43
966	80
966	226
966	284
966	314
966	365
966	434
966	436
966	483
966	565
966	569
966	603
966	714
966	743
966	756
966	766
966	770
966	780
966	791
966	802
966	805
966	857
966	888
966	897
966	917
966	918
966	943
966	960
966	990
966	992
966	993
966	994
966	999
967	42
967	53
967	72
967	81
967	110
967	117
967	140
967	173
967	176
967	270
967	325
967	350
967	363
967	409
967	498
967	519
967	538
967	611
967	648
967	674
967	711
967	744
967	747
967	774
967	777
967	807
967	817
967	883
967	919
967	929
967	940
967	959
967	982
967	983
968	19
968	40
968	50
968	111
968	113
968	200
968	212
968	296
968	399
968	425
968	526
968	531
968	549
968	568
968	577
968	596
968	616
968	631
968	634
968	677
968	683
968	702
968	704
968	706
968	721
968	732
968	751
968	792
968	813
968	819
968	876
968	887
968	926
968	962
969	30
969	77
969	104
969	197
969	209
969	271
969	335
969	381
969	408
969	455
969	543
969	572
969	573
969	594
969	645
969	692
969	716
969	746
969	770
969	772
969	780
969	794
969	808
969	823
969	833
969	835
969	853
969	862
969	889
969	891
969	902
969	931
969	974
969	987
970	26
970	33
970	65
970	141
970	149
970	239
970	253
970	295
970	326
970	387
970	437
970	467
970	503
970	509
970	516
970	564
970	619
970	629
970	641
970	685
970	722
970	731
970	785
970	825
970	863
970	868
970	882
970	911
970	922
970	949
970	950
970	951
970	980
970	990
971	27
971	37
971	86
971	108
971	126
971	214
971	225
971	269
971	302
971	324
971	440
971	491
971	510
971	527
971	553
971	555
971	599
971	622
971	650
971	658
971	659
971	671
971	682
971	690
971	703
971	713
971	740
971	755
971	786
971	808
971	821
971	847
971	904
971	953
972	28
972	36
972	69
972	93
972	210
972	216
972	251
972	267
972	339
972	341
972	367
972	371
972	379
972	431
972	439
972	449
972	463
972	487
972	493
972	567
972	592
972	609
972	610
972	635
972	660
972	707
972	769
972	778
972	845
972	849
972	875
972	916
972	938
972	981
973	8
973	154
973	181
973	201
973	229
973	278
973	346
973	360
973	364
973	381
973	471
973	513
973	520
973	554
973	572
973	573
973	594
973	640
973	705
973	709
973	716
973	746
973	770
973	780
973	823
973	833
973	853
973	862
973	867
973	891
973	902
973	948
973	974
973	987
974	134
974	154
974	172
974	211
974	414
974	420
974	441
974	455
974	471
974	511
974	543
974	573
974	628
974	647
974	709
974	716
974	739
974	770
974	772
974	780
974	794
974	808
974	823
974	835
974	853
974	862
974	867
974	889
974	891
974	902
974	932
974	936
974	969
974	973
974	987
975	79
975	222
975	235
975	241
975	260
975	368
975	391
975	392
975	428
975	457
975	502
975	528
975	615
975	637
975	669
975	672
975	691
975	708
975	735
975	742
975	754
975	783
975	793
975	850
975	895
975	903
975	905
975	925
975	935
975	944
975	952
975	953
975	954
975	958
975	982
976	11
976	12
976	14
976	78
976	118
976	167
976	199
976	218
976	243
976	247
976	309
976	369
976	372
976	466
976	478
976	492
976	508
976	533
976	534
976	566
976	608
976	612
976	624
976	665
976	668
976	723
976	757
976	767
976	771
976	806
976	831
976	848
976	854
976	860
976	884
976	910
977	5
977	13
977	49
977	67
977	159
977	185
977	190
977	191
977	194
977	206
977	207
977	240
977	246
977	273
977	319
977	406
977	413
977	447
977	458
977	570
977	583
977	626
977	643
977	656
977	678
977	686
977	689
977	733
977	761
977	837
977	858
977	870
977	879
977	882
977	901
977	942
977	964
977	988
978	12
978	88
978	92
978	142
978	204
978	283
978	294
978	390
978	419
978	421
978	433
978	442
978	474
978	556
978	576
978	598
978	601
978	618
978	623
978	682
978	699
978	700
978	724
978	748
978	757
978	759
978	800
978	842
978	852
978	855
978	864
978	872
978	899
978	935
978	945
978	955
978	995
978	1000
979	46
979	123
979	145
979	156
979	227
979	274
979	277
979	299
979	328
979	344
979	397
979	402
979	417
979	465
979	475
979	517
979	582
979	613
979	625
979	696
979	698
979	788
979	794
979	812
979	822
979	834
979	838
979	873
979	874
979	878
979	885
979	892
979	916
979	920
979	948
979	984
979	985
979	986
980	26
980	33
980	65
980	109
980	112
980	149
980	239
980	253
980	262
980	295
980	326
980	387
980	437
980	503
980	509
980	516
980	564
980	619
980	629
980	641
980	667
980	675
980	685
980	695
980	731
980	785
980	797
980	825
980	853
980	863
980	868
980	911
980	922
980	940
980	949
980	950
980	951
980	970
981	16
981	28
981	36
981	69
981	93
981	174
981	251
981	252
981	267
981	289
981	313
981	341
981	367
981	371
981	379
981	431
981	439
981	449
981	463
981	464
981	476
981	487
981	493
981	567
981	610
981	635
981	660
981	707
981	769
981	829
981	845
981	849
981	871
981	875
981	886
981	893
981	938
981	972
982	61
982	79
982	165
982	222
982	235
982	236
982	260
982	343
982	368
982	375
982	392
982	428
982	502
982	528
982	549
982	615
982	637
982	669
982	672
982	691
982	708
982	735
982	754
982	783
982	793
982	850
982	895
982	903
982	905
982	907
982	944
982	952
982	953
982	954
982	957
982	958
982	967
982	975
983	9
983	54
983	85
983	147
983	217
983	263
983	285
983	346
983	374
983	376
983	446
983	461
983	470
983	481
983	529
983	536
983	590
983	593
983	595
983	657
983	662
983	663
983	697
983	716
983	717
983	736
983	745
983	751
983	775
983	828
983	839
983	844
983	893
983	907
983	941
983	957
983	963
983	965
983	967
984	56
984	145
984	164
984	234
984	248
984	299
984	328
984	344
984	349
984	370
984	386
984	396
984	402
984	430
984	465
984	517
984	582
984	613
984	624
984	625
984	656
984	671
984	696
984	698
984	788
984	812
984	822
984	834
984	838
984	873
984	874
984	878
984	892
984	916
984	920
984	948
984	979
984	985
984	986
985	123
985	145
985	158
985	164
985	234
985	277
985	299
985	328
985	349
985	370
985	396
985	402
985	417
985	430
985	475
985	517
985	532
985	582
985	613
985	625
985	671
985	696
985	709
985	788
985	812
985	822
985	834
985	838
985	873
985	874
985	878
985	884
985	892
985	913
985	916
985	920
985	948
985	979
985	984
985	986
986	145
986	158
986	160
986	227
986	234
986	248
986	274
986	277
986	299
986	328
986	370
986	397
986	417
986	430
986	465
986	475
986	517
986	532
986	548
986	582
986	625
986	656
986	671
986	696
986	698
986	788
986	822
986	834
986	838
986	873
986	874
986	878
986	892
986	916
986	920
986	948
986	964
986	979
986	984
986	985
987	13
987	77
987	87
987	127
987	175
987	256
987	278
987	335
987	360
987	364
987	381
987	408
987	468
987	477
987	513
987	516
987	520
987	554
987	573
987	594
987	640
987	645
987	709
987	716
987	746
987	770
987	772
987	780
987	794
987	808
987	853
987	862
987	867
987	889
987	891
987	902
987	936
987	964
987	969
987	973
987	974
988	5
988	13
988	49
988	67
988	128
988	152
988	183
988	185
988	191
988	207
988	240
988	290
988	319
988	358
988	406
988	413
988	438
988	441
988	447
988	456
988	458
988	539
988	570
988	583
988	621
988	626
988	643
988	678
988	686
988	689
988	733
988	761
988	837
988	857
988	858
988	870
988	879
988	882
988	901
988	919
988	942
988	977
989	25
989	58
989	74
989	137
989	215
989	220
989	231
989	249
989	329
989	382
989	415
989	480
989	515
989	542
989	632
989	659
989	692
989	705
989	728
989	729
989	749
989	763
989	764
989	781
989	801
989	803
989	819
989	836
989	840
989	859
989	865
989	906
989	913
989	925
989	930
989	934
989	946
989	947
989	961
989	965
989	991
989	994
989	997
990	2
990	148
990	226
990	258
990	281
990	284
990	366
990	407
990	432
990	460
990	490
990	507
990	578
990	603
990	633
990	664
990	666
990	684
990	714
990	722
990	725
990	726
990	743
990	756
990	766
990	784
990	799
990	802
990	805
990	811
990	843
990	857
990	888
990	917
990	918
990	927
990	931
990	943
990	966
990	970
990	993
990	994
990	998
990	999
991	25
991	60
991	131
991	228
991	231
991	292
991	340
991	404
991	415
991	469
991	500
991	506
991	515
991	524
991	551
991	575
991	627
991	705
991	728
991	729
991	738
991	760
991	763
991	764
991	776
991	781
991	801
991	803
991	810
991	827
991	832
991	836
991	840
991	859
991	913
991	925
991	930
991	934
991	946
991	947
991	961
991	965
991	989
991	997
992	10
992	23
992	43
992	55
992	166
992	226
992	284
992	317
992	331
992	380
992	432
992	483
992	544
992	565
992	603
992	633
992	646
992	658
992	664
992	666
992	684
992	712
992	714
992	725
992	762
992	766
992	799
992	802
992	805
992	811
992	820
992	826
992	830
992	857
992	888
992	908
992	917
992	918
992	931
992	943
992	966
992	993
992	994
992	998
992	999
993	15
993	80
993	109
993	114
993	138
993	275
993	285
993	317
993	355
993	434
993	436
993	460
993	483
993	537
993	584
993	603
993	633
993	646
993	684
993	712
993	725
993	726
993	743
993	766
993	799
993	802
993	805
993	811
993	816
993	820
993	830
993	857
993	888
993	897
993	908
993	918
993	931
993	943
993	953
993	966
993	990
993	992
993	994
993	998
993	999
994	43
994	80
994	107
994	138
994	156
994	171
994	187
994	226
994	258
994	317
994	331
994	365
994	366
994	384
994	436
994	453
994	490
994	537
994	616
994	666
994	676
994	684
994	725
994	726
994	743
994	756
994	766
994	784
994	791
994	799
994	802
994	805
994	843
994	897
994	899
994	917
994	918
994	931
994	943
994	966
994	989
994	990
994	992
994	993
994	999
995	88
995	92
995	116
995	177
995	178
995	204
995	233
995	279
995	338
995	347
995	361
995	390
995	419
995	421
995	422
995	433
995	442
995	497
995	514
995	548
995	563
995	565
995	588
995	598
995	601
995	618
995	623
995	644
995	650
995	675
995	700
995	724
995	748
995	757
995	759
995	800
995	826
995	841
995	864
995	872
995	899
995	935
995	945
995	955
995	978
995	1000
996	3
996	9
996	34
996	147
996	205
996	232
996	304
996	321
996	356
996	385
996	393
996	405
996	410
996	445
996	446
996	452
996	461
996	466
996	469
996	481
996	529
996	536
996	541
996	562
996	593
996	595
996	604
996	651
996	662
996	681
996	697
996	717
996	736
996	741
996	742
996	745
996	751
996	775
996	779
996	828
996	839
996	844
996	865
996	907
996	941
996	957
996	961
996	963
997	22
997	25
997	31
997	52
997	95
997	131
997	137
997	143
997	146
997	202
997	208
997	223
997	228
997	342
997	400
997	418
997	473
997	480
997	524
997	551
997	552
997	580
997	606
997	627
997	632
997	673
997	705
997	728
997	738
997	749
997	760
997	763
997	764
997	776
997	781
997	803
997	817
997	836
997	865
997	906
997	925
997	934
997	946
997	947
997	961
997	965
997	989
997	991
998	10
998	23
998	43
998	156
998	275
998	330
998	355
998	365
998	366
998	380
998	384
998	407
998	428
998	453
998	544
998	565
998	569
998	578
998	634
998	646
998	664
998	666
998	676
998	712
998	722
998	725
998	756
998	762
998	766
998	784
998	791
998	799
998	802
998	811
998	820
998	830
998	843
998	876
998	897
998	901
998	908
998	918
998	931
998	943
998	990
998	992
998	993
998	999
999	15
999	80
999	107
999	148
999	166
999	179
999	187
999	257
999	258
999	275
999	281
999	314
999	380
999	416
999	483
999	537
999	569
999	578
999	584
999	603
999	646
999	664
999	666
999	676
999	697
999	712
999	722
999	741
999	743
999	762
999	791
999	805
999	811
999	820
999	829
999	830
999	843
999	908
999	917
999	918
999	931
999	943
999	966
999	990
999	992
999	993
999	994
999	998
999	1000
1000	20
1000	70
1000	92
1000	142
1000	192
1000	233
1000	283
1000	338
1000	340
1000	361
1000	390
1000	419
1000	422
1000	442
1000	474
1000	482
1000	504
1000	507
1000	514
1000	525
1000	556
1000	563
1000	576
1000	588
1000	598
1000	601
1000	618
1000	623
1000	644
1000	699
1000	711
1000	724
1000	757
1000	759
1000	800
1000	809
1000	826
1000	841
1000	842
1000	855
1000	864
1000	872
1000	899
1000	930
1000	945
1000	955
1000	978
1000	995
1000	999
