1	381
1	555
1	825
1	996
2	486
2	974
2	990
2	994
3	277
3	310
3	365
3	964
4	367
4	935
4	942
4	985
5	508
5	822
5	912
5	979
6	98
6	351
6	949
6	996
7	314
7	929
7	939
7	988
8	116
8	499
8	643
8	916
9	589
9	910
9	913
9	938
10	209
10	612
10	951
10	990
11	827
11	930
11	936
11	946
12	350
12	843
12	980
12	987
13	286
13	779
13	993
13	994
14	62
14	609
14	923
14	963
15	92
15	757
15	944
15	996
16	339
16	520
16	873
16	906
17	57
17	148
17	676
17	971
18	224
18	657
18	684
18	761
19	676
19	846
19	876
19	894
20	296
20	522
20	757
20	969
21	430
21	465
21	974
21	994
22	281
22	792
22	815
22	997
23	628
23	881
23	960
23	989
24	223
24	604
24	623
24	911
25	728
25	955
25	989
25	999
26	465
26	749
26	850
26	921
27	90
27	493
27	868
27	908
28	400
28	770
28	863
28	977
29	458
29	960
29	981
29	983
30	100
30	589
30	728
30	830
31	247
31	771
31	863
31	988
32	279
32	650
32	893
32	902
33	367
33	682
33	833
33	844
34	877
34	901
34	978
34	995
35	766
35	791
35	844
35	889
36	178
36	323
36	660
36	940
37	652
37	787
37	867
37	990
38	150
38	361
38	939
38	988
39	582
39	740
39	803
39	979
40	226
40	470
40	799
40	982
41	121
41	290
41	772
41	836
42	60
42	541
42	790
42	877
43	588
43	662
43	901
43	990
44	469
44	820
44	956
44	983
45	688
45	841
45	973
45	977
46	169
46	363
46	607
46	699
47	710
47	887
47	929
47	993
48	182
48	236
48	448
48	930
49	771
49	939
49	960
49	997
50	356
50	889
50	899
50	923
51	84
51	820
51	956
51	982
52	565
52	872
52	959
52	980
53	504
53	833
53	919
53	972
54	582
54	720
54	821
54	963
55	95
55	627
55	871
55	960
56	701
56	843
56	993
56	995
57	17
57	147
57	511
57	777
58	187
58	434
58	562
58	858
59	616
59	688
59	715
59	825
60	42
60	81
60	971
60	976
61	706
61	833
61	991
61	998
62	14
62	317
62	710
62	826
63	76
63	845
63	922
63	962
64	955
64	972
64	981
64	989
65	477
65	545
65	982
65	999
66	498
66	701
66	985
66	993
67	784
67	974
67	994
67	995
68	761
68	925
68	987
68	995
69	704
69	737
69	976
69	989
70	239
70	493
70	598
70	996
71	325
71	648
71	835
71	870
72	296
72	723
72	966
72	968
73	491
73	785
73	905
73	944
74	500
74	681
74	907
74	912
75	606
75	746
75	931
75	994
76	63
76	861
76	867
76	883
77	242
77	354
77	914
77	937
78	250
78	548
78	837
78	906
79	91
79	652
79	987
79	993
80	240
80	908
80	966
80	995
81	60
81	310
81	650
81	947
82	99
82	851
82	923
82	954
83	650
83	781
83	832
83	997
84	51
84	679
84	906
84	937
85	186
85	751
85	981
85	983
86	223
86	780
86	836
86	976
87	236
87	960
87	974
87	994
88	457
88	817
88	915
88	926
89	215
89	417
89	497
89	905
90	27
90	866
90	944
90	997
91	79
91	882
91	901
91	926
92	15
92	853
92	900
92	962
93	130
93	595
93	935
93	990
94	619
94	682
94	931
94	994
95	55
95	736
95	846
95	866
96	844
96	939
96	963
96	988
97	209
97	398
97	917
97	1000
98	6
98	543
98	799
98	967
99	82
99	408
99	608
99	700
100	30
100	785
100	942
100	954
101	273
101	858
101	871
101	979
102	519
102	556
102	855
102	994
103	355
103	612
103	697
103	784
104	691
104	933
104	948
104	993
105	396
105	453
105	932
105	985
106	853
106	865
106	957
106	996
107	262
107	902
107	930
107	976
108	427
108	764
108	951
108	992
109	809
109	837
109	884
109	971
110	448
110	849
110	962
110	999
111	596
111	606
111	812
111	825
112	607
112	654
112	782
112	807
113	253
113	702
113	755
113	843
114	754
114	969
114	989
114	990
115	266
115	869
115	872
115	902
116	8
116	655
116	945
116	972
117	266
117	721
117	783
117	954
118	202
118	254
118	846
118	999
119	326
119	897
119	917
119	986
120	678
120	768
120	870
120	903
121	41
121	307
121	762
121	920
122	406
122	588
122	856
122	982
123	634
123	820
123	866
123	999
124	494
124	650
124	875
124	982
125	385
125	710
125	732
125	754
126	339
126	682
126	980
126	983
127	397
127	614
127	938
127	951
128	271
128	481
128	935
128	998
129	845
129	851
129	910
129	991
130	93
130	671
130	725
130	794
131	688
131	790
131	860
131	980
132	832
132	915
132	938
132	975
133	580
133	614
133	964
133	971
134	401
134	559
134	937
134	1000
135	841
135	875
135	881
135	989
136	405
136	434
136	805
136	979
137	558
137	725
137	885
137	996
138	729
138	803
138	839
138	984
139	726
139	809
139	917
139	991
140	401
140	881
140	955
140	989
141	223
141	776
141	873
141	942
142	471
142	763
142	808
142	932
143	441
143	503
143	791
143	998
144	741
144	751
144	822
144	928
145	717
145	973
145	974
145	994
146	206
146	824
146	907
146	921
147	57
147	197
147	822
147	977
148	17
148	570
148	767
148	950
149	621
149	681
149	759
149	780
150	38
150	780
150	918
150	992
151	605
151	687
151	964
151	984
152	426
152	461
152	567
152	669
153	461
153	714
153	955
153	973
154	192
154	893
154	938
154	964
155	657
155	857
155	984
155	999
156	668
156	911
156	939
156	973
157	586
157	757
157	824
157	896
158	550
158	748
158	903
158	911
159	277
159	868
159	893
159	924
160	686
160	853
160	903
160	986
161	834
161	887
161	974
161	989
162	566
162	812
162	818
162	959
163	512
163	567
163	950
163	991
164	375
164	861
164	902
164	952
165	883
165	888
165	914
165	992
166	239
166	304
166	747
166	958
167	320
167	561
167	939
167	958
168	184
168	917
168	932
168	983
169	46
169	917
169	965
169	1000
170	615
170	678
170	691
170	853
171	552
171	579
171	968
171	998
172	455
172	756
172	826
172	898
173	506
173	694
173	955
173	989
174	221
174	257
174	577
174	616
175	529
175	578
175	826
175	884
176	869
176	928
176	995
176	999
177	429
177	686
177	708
177	823
178	36
178	552
178	939
178	988
179	727
179	871
179	900
179	990
180	594
180	671
180	909
180	985
181	318
181	892
181	981
181	983
182	48
182	394
182	952
182	986
183	799
183	929
183	971
183	973
184	168
184	884
184	925
184	953
185	446
185	855
185	860
185	879
186	85
186	256
186	619
186	842
187	58
187	457
187	899
187	974
188	678
188	851
188	886
188	994
189	599
189	602
189	998
189	1000
190	391
190	670
190	807
190	856
191	522
191	913
191	949
191	957
192	154
192	467
192	640
192	956
193	419
193	840
193	915
193	955
194	406
194	714
194	924
194	995
195	711
195	931
195	955
195	989
196	307
196	829
196	915
196	975
197	147
197	707
197	879
197	949
198	319
198	771
198	939
198	993
199	428
199	904
199	991
199	998
200	748
200	950
200	963
200	995
201	375
201	412
201	563
201	678
202	118
202	532
202	560
202	834
203	834
203	878
203	966
203	996
204	205
204	897
204	938
204	943
205	204
205	679
205	883
205	985
206	146
206	640
206	871
206	950
207	858
207	943
207	966
207	986
208	397
208	493
208	575
208	901
209	10
209	97
209	836
209	974
210	364
210	795
210	851
210	994
211	274
211	537
211	869
211	948
212	873
212	926
212	984
212	986
213	346
213	800
213	941
213	998
214	618
214	758
214	879
214	993
215	89
215	529
215	734
215	912
216	284
216	718
216	931
216	974
217	944
217	974
217	992
217	994
218	545
218	654
218	823
218	995
219	725
219	848
219	978
219	999
220	459
220	576
220	664
220	894
221	174
221	913
221	947
221	960
222	229
222	909
222	952
222	953
223	24
223	86
223	141
223	327
224	18
224	643
224	857
224	998
225	840
225	955
225	986
225	989
226	40
226	834
226	974
226	997
227	675
227	732
227	880
227	994
228	503
228	534
228	864
228	984
229	222
229	373
229	660
229	968
230	558
230	745
230	948
230	962
231	429
231	632
231	750
231	988
232	273
232	524
232	770
232	803
233	268
233	371
233	431
233	563
234	297
234	417
234	538
234	834
235	338
235	508
235	867
235	871
235	894
236	48
236	87
236	587
236	906
236	915
237	311
237	627
237	642
237	759
237	796
238	514
238	530
238	802
238	965
238	983
239	70
239	166
239	770
239	796
239	967
240	80
240	442
240	819
240	877
240	929
241	528
241	690
241	957
241	980
241	997
242	77
242	426
242	471
242	914
242	931
243	552
243	678
243	882
243	899
243	959
244	567
244	662
244	831
244	950
244	1000
245	617
245	700
245	833
245	944
245	984
246	516
246	870
246	942
246	995
246	998
247	31
247	726
247	747
247	873
247	877
248	675
248	785
248	790
248	975
248	988
249	254
249	741
249	917
249	991
249	1000
250	78
250	387
250	861
250	970
250	993
251	663
251	813
251	919
251	927
251	964
252	540
252	785
252	930
252	961
252	971
253	113
253	779
253	891
253	925
253	987
254	118
254	249
254	508
254	941
254	999
255	591
255	719
255	925
255	930
255	953
256	186
256	337
256	901
256	928
256	958
257	174
257	496
257	722
257	867
257	988
258	263
258	265
258	337
258	657
258	980
259	513
259	635
259	660
259	734
259	877
260	571
260	764
260	845
260	940
260	963
261	327
261	709
261	927
261	959
261	976
262	107
262	533
262	579
262	618
262	921
263	258
263	483
263	748
263	884
263	953
264	518
264	825
264	867
264	940
264	966
265	258
265	565
265	625
265	659
265	804
266	115
266	117
266	438
266	788
266	977
267	506
267	538
267	784
267	928
267	943
268	233
268	480
268	484
268	617
268	936
269	379
269	629
269	685
269	855
269	961
270	298
270	453
270	842
270	921
270	997
271	128
271	497
271	610
271	871
271	995
272	623
272	823
272	833
272	926
272	942
273	101
273	232
273	349
273	414
273	772
274	211
274	812
274	924
274	936
274	943
275	722
275	750
275	927
275	941
275	988
276	385
276	512
276	788
276	908
276	970
277	3
277	159
277	581
277	762
277	993
278	687
278	716
278	845
278	905
278	907
279	32
279	416
279	612
279	632
279	818
280	617
280	776
280	883
280	918
280	963
281	22
281	605
281	658
281	914
281	919
282	714
282	794
282	853
282	900
282	975
283	432
283	468
283	769
283	897
283	920
284	216
284	760
284	821
284	984
284	995
285	741
285	809
285	817
285	827
285	882
286	13
286	297
286	546
286	625
286	775
287	676
287	892
287	958
287	960
287	963
288	291
288	639
288	967
288	998
288	999
289	575
289	584
289	645
289	675
289	935
290	41
290	720
290	922
290	969
290	992
291	288
291	546
291	701
291	935
291	995
292	816
292	895
292	897
292	947
292	982
293	302
293	374
293	820
293	978
293	981
294	424
294	931
294	932
294	954
294	983
295	675
295	693
295	710
295	931
295	972
296	20
296	72
296	398
296	689
296	966
297	234
297	286
297	463
297	628
297	719
298	270
298	344
298	370
298	411
298	956
299	466
299	613
299	774
299	981
299	1000
300	586
300	632
300	687
300	894
300	907
301	498
301	626
301	655
301	948
301	950
302	293
302	427
302	431
302	789
302	977
303	403
303	412
303	794
303	946
303	973
304	166
304	476
304	737
304	864
304	893
305	601
305	732
305	740
305	939
305	988
306	309
306	312
306	548
306	697
306	857
307	121
307	196
307	876
307	958
307	972
308	364
308	643
308	781
308	883
308	986
309	306
309	352
309	547
309	830
309	962
310	3
310	81
310	409
310	810
310	959
311	237
311	544
311	667
311	815
311	836
312	306
312	501
312	599
312	863
312	929
313	362
313	495
313	788
313	790
313	942
314	7
314	532
314	666
314	945
314	995
315	637
315	734
315	748
315	924
315	973
316	521
316	537
316	797
316	924
316	937
317	62
317	615
317	804
317	825
317	987
318	181
318	663
318	692
318	877
318	892
319	198
319	868
319	912
319	991
319	1000
320	167
320	405
320	750
320	807
320	988
321	529
321	673
321	783
321	818
321	958
322	577
322	678
322	776
322	916
322	962
323	36
323	555
323	685
323	820
323	979
324	717
324	799
324	818
324	926
324	959
325	71
325	515
325	671
325	860
325	868
326	119
326	683
326	917
326	946
326	1000
327	223
327	261
327	929
327	976
327	998
328	626
328	830
328	940
328	946
328	976
329	413
329	884
329	894
329	973
329	992
330	683
330	862
330	955
330	981
330	983
331	698
331	790
331	826
331	958
331	963
332	444
332	721
332	825
332	955
332	989
333	648
333	761
333	823
333	953
333	996
334	554
334	724
334	899
334	952
334	956
335	539
335	672
335	828
335	870
335	944
336	539
336	819
336	844
336	948
336	980
337	256
337	258
337	461
337	964
337	967
338	235
338	727
338	930
338	944
338	992
339	16
339	126
339	405
339	446
339	577
340	608
340	860
340	869
340	911
340	949
341	695
341	974
341	987
341	991
341	1000
342	346
342	496
342	792
342	988
342	994
343	664
343	951
343	969
343	985
343	999
344	298
344	727
344	766
344	877
344	997
345	429
345	764
345	921
345	936
345	997
346	213
346	342
346	620
346	752
346	993
347	357
347	515
347	543
347	725
347	897
348	884
348	934
348	972
348	979
348	982
349	273
349	469
349	751
349	777
349	997
350	12
350	599
350	775
350	878
350	957
351	6
351	393
351	812
351	981
351	983
352	309
352	384
352	392
352	942
352	970
353	632
353	640
353	845
353	969
353	992
354	77
354	846
354	903
354	933
354	963
355	103
355	852
355	888
355	902
355	933
356	50
356	869
356	870
356	885
356	947
357	347
357	520
357	634
357	772
357	916
358	529
358	569
358	658
358	801
358	950
359	522
359	599
359	758
359	863
359	969
360	514
360	805
360	935
360	939
360	988
361	38
361	765
361	820
361	865
361	901
362	313
362	411
362	631
362	893
362	897
363	46
363	674
363	815
363	850
363	859
364	210
364	308
364	898
364	906
364	986
365	3
365	777
365	816
365	966
365	980
366	689
366	725
366	762
366	891
366	909
367	4
367	33
367	812
367	838
367	924
368	597
368	674
368	760
368	811
368	950
369	673
369	800
369	842
369	869
369	904
370	298
370	376
370	610
370	986
370	988
371	233
371	761
371	861
371	913
371	999
372	671
372	758
372	965
372	981
372	983
373	229
373	464
373	488
373	668
373	992
374	293
374	559
374	685
374	801
374	824
375	164
375	201
375	540
375	680
375	703
376	370
376	604
376	874
376	958
376	992
377	722
377	776
377	936
377	998
377	999
378	396
378	728
378	867
378	969
378	980
379	269
379	462
379	635
379	703
379	956
380	806
380	890
380	918
380	928
380	1000
381	1
381	705
381	784
381	844
381	949
382	396
382	520
382	873
382	890
382	922
383	431
383	525
383	901
383	956
383	978
384	352
384	548
384	716
384	886
384	891
385	125
385	276
385	416
385	876
385	991
386	620
386	709
386	798
386	940
386	975
387	250
387	719
387	781
387	846
387	923
388	497
388	837
388	945
388	985
388	990
389	480
389	881
389	923
389	955
389	989
390	524
390	658
390	795
390	953
390	988
391	190
391	449
391	772
391	874
391	981
392	352
392	478
392	489
392	842
392	969
393	351
393	542
393	655
393	834
393	933
394	182
394	606
394	669
394	745
394	912
394	922
395	406
395	659
395	676
395	895
395	929
395	989
396	105
396	378
396	382
396	402
396	498
396	930
397	127
397	208
397	601
397	954
397	967
397	990
398	97
398	296
398	821
398	943
398	966
398	987
399	739
399	746
399	903
399	908
399	936
399	972
400	28
400	459
400	499
400	636
400	977
400	991
401	134
401	140
401	719
401	842
401	895
401	912
402	396
402	515
402	755
402	956
402	985
402	990
403	303
403	405
403	564
403	747
403	796
403	821
404	492
404	616
404	634
404	792
404	865
404	921
405	136
405	320
405	339
405	403
405	552
405	632
406	122
406	194
406	395
406	853
406	905
406	938
407	453
407	621
407	627
407	652
407	762
407	976
408	99
408	509
408	566
408	765
408	919
408	987
409	310
409	469
409	703
409	756
409	916
409	993
410	440
410	636
410	831
410	950
410	981
410	988
411	298
411	362
411	726
411	785
411	957
411	973
412	201
412	303
412	758
412	808
412	921
412	941
413	329
413	435
413	824
413	874
413	949
413	992
414	273
414	540
414	781
414	906
414	984
414	992
415	659
415	830
415	897
415	933
415	975
415	999
416	279
416	385
416	569
416	895
416	920
416	996
417	89
417	234
417	600
417	781
417	973
417	976
418	685
418	859
418	949
418	969
418	990
418	992
419	193
419	425
419	619
419	628
419	898
419	940
420	664
420	691
420	812
420	905
420	917
420	1000
421	639
421	877
421	880
421	916
421	974
421	994
422	675
422	740
422	803
422	860
422	974
422	989
423	572
423	684
423	750
423	965
423	981
423	1000
424	294
424	436
424	770
424	919
424	957
424	971
425	419
425	516
425	719
425	931
425	974
425	994
426	152
426	242
426	808
426	844
426	942
426	995
427	108
427	302
427	731
427	822
427	937
427	977
428	199
428	525
428	847
428	934
428	958
428	993
429	177
429	231
429	345
429	753
429	766
429	922
430	21
430	674
430	705
430	957
430	961
430	969
431	233
431	302
431	383
431	485
431	793
431	893
432	283
432	860
432	931
432	972
432	974
432	994
433	621
433	800
433	872
433	926
433	948
433	979
434	58
434	136
434	785
434	884
434	930
434	1000
435	413
435	573
435	830
435	951
435	962
435	990
436	424
436	477
436	765
436	907
436	913
436	997
437	518
437	673
437	694
437	808
437	856
437	937
438	266
438	499
438	813
438	874
438	926
438	929
439	605
439	778
439	881
439	924
439	955
439	989
440	410
440	614
440	703
440	742
440	822
440	874
441	143
441	544
441	560
441	741
441	858
441	966
442	240
442	579
442	733
442	759
442	791
442	989
443	526
443	773
443	793
443	800
443	900
443	991
444	332
444	486
444	881
444	932
444	943
444	989
445	705
445	773
445	859
445	901
445	944
445	984
446	185
446	339
446	762
446	909
446	930
446	970
447	550
447	770
447	783
447	831
447	914
447	927
448	48
448	110
448	663
448	806
448	922
448	990
449	391
449	455
449	775
449	843
449	890
449	942
450	479
450	495
450	863
450	987
450	999
450	1000
451	482
451	622
451	905
451	922
451	927
451	953
452	464
452	597
452	802
452	892
452	991
452	994
453	105
453	270
453	407
453	948
453	953
453	971
454	526
454	744
454	869
454	899
454	918
454	998
455	172
455	449
455	700
455	763
455	896
455	961
456	550
456	689
456	872
456	883
456	893
456	999
457	88
457	187
457	713
457	765
457	817
457	948
458	29
458	548
458	696
458	823
458	935
458	995
459	220
459	400
459	565
459	613
459	893
459	964
460	647
460	782
460	885
460	928
460	959
460	961
461	152
461	153
461	337
461	651
461	734
461	959
462	379
462	816
462	829
462	852
462	896
462	996
463	297
463	693
463	828
463	908
463	921
463	924
464	373
464	452
464	640
464	863
464	870
464	951
465	21
465	26
465	629
465	935
465	962
465	979
466	299
466	488
466	570
466	782
466	814
466	1000
467	192
467	522
467	605
467	623
467	844
467	883
468	283
468	581
468	620
468	753
468	879
468	925
469	44
469	349
469	409
469	722
469	852
469	974
470	40
470	537
470	639
470	812
470	899
470	904
471	142
471	242
471	592
471	742
471	845
471	997
472	770
472	808
472	932
472	965
472	982
472	983
473	562
473	652
473	702
473	929
473	958
473	966
474	778
474	806
474	881
474	888
474	966
474	989
475	710
475	803
475	831
475	902
475	957
475	996
476	304
476	681
476	802
476	925
476	935
476	995
477	65
477	436
477	762
477	968
477	971
477	976
478	392
478	608
478	728
478	951
478	965
478	983
479	450
479	696
479	726
479	759
479	931
479	947
480	268
480	389
480	883
480	885
480	952
480	996
481	128
481	541
481	825
481	886
481	916
481	995
482	451
482	795
482	868
482	935
482	976
482	980
483	263
483	495
483	577
483	668
483	776
483	849
484	268
484	539
484	541
484	878
484	949
484	963
485	431
485	530
485	782
485	960
485	967
485	980
486	2
486	444
486	856
486	875
486	943
486	973
487	570
487	604
487	787
487	808
487	841
487	875
488	373
488	466
488	676
488	814
488	857
488	999
489	392
489	550
489	630
489	909
489	920
489	989
490	762
490	784
490	909
490	939
490	970
490	990
491	73
491	494
491	655
491	890
491	945
491	993
492	404
492	504
492	795
492	950
492	956
492	978
493	27
493	70
493	208
493	835
493	855
493	903
494	124
494	491
494	784
494	797
494	905
494	938
495	313
495	450
495	483
495	629
495	699
495	873
496	257
496	342
496	531
496	879
496	933
496	952
497	89
497	271
497	388
497	562
497	637
497	995
498	66
498	301
498	396
498	920
498	952
498	969
499	8
499	400
499	438
499	777
499	952
499	993
500	74
500	815
500	846
500	849
500	869
500	987
501	312
501	839
501	842
501	862
501	981
501	983
502	730
502	739
502	808
502	855
502	978
502	987
503	143
503	228
503	641
503	732
503	955
503	989
504	53
504	492
504	549
504	715
504	734
504	975
505	548
505	609
505	720
505	750
505	815
505	861
506	173
506	267
506	764
506	791
506	803
506	963
507	584
507	692
507	737
507	872
507	926
507	979
507	998
508	5
508	235
508	254
508	837
508	944
508	984
508	986
509	408
509	609
509	706
509	786
509	961
509	985
509	998
510	537
510	572
510	761
510	787
510	807
510	921
510	998
511	57
511	747
511	768
511	797
511	875
511	915
511	951
512	163
512	276
512	831
512	848
512	957
512	997
512	1000
513	259
513	631
513	645
513	819
513	902
513	957
513	996
514	238
514	360
514	740
514	754
514	894
514	909
514	969
515	325
515	347
515	402
515	624
515	840
515	904
515	999
516	246
516	425
516	905
516	919
516	930
516	931
516	971
517	638
517	670
517	808
517	818
517	838
517	853
517	944
518	264
518	437
518	593
518	682
518	882
518	980
518	987
519	102
519	796
519	828
519	852
519	892
519	972
519	982
520	16
520	357
520	382
520	708
520	868
520	962
520	972
521	316
521	611
521	739
521	774
521	798
521	874
521	929
522	20
522	191
522	359
522	467
522	683
522	895
522	994
523	584
523	705
523	920
523	949
523	957
523	960
523	961
524	232
524	390
524	600
524	870
524	894
524	927
524	977
525	383
525	428
525	738
525	842
525	901
525	932
525	995
526	443
526	454
526	804
526	836
526	969
526	990
526	992
527	762
527	933
527	949
527	957
527	961
527	989
527	996
528	241
528	833
528	838
528	883
528	985
528	990
528	995
529	175
529	215
529	321
529	358
529	691
529	831
529	984
530	238
530	485
530	557
530	710
530	726
530	777
530	921
531	496
531	729
531	790
531	804
531	807
531	953
531	988
532	202
532	314
532	613
532	670
532	799
532	849
532	901
533	262
533	668
533	679
533	828
533	830
533	949
533	979
534	228
534	756
534	821
534	827
534	856
534	979
534	984
535	805
535	879
535	943
535	951
535	985
535	990
535	992
536	573
536	624
536	756
536	798
536	864
536	884
536	896
537	211
537	316
537	470
537	510
537	746
537	974
537	989
538	234
538	267
538	829
538	854
538	875
538	924
538	966
539	335
539	336
539	484
539	857
539	869
539	914
539	978
540	252
540	375
540	414
540	839
540	850
540	965
540	981
541	42
541	481
541	484
541	665
541	767
541	909
541	936
542	393
542	639
542	768
542	889
542	900
542	968
542	970
543	98
543	347
543	727
543	754
543	870
543	990
543	992
544	311
544	441
544	627
544	796
544	927
544	961
544	977
545	65
545	218
545	576
545	889
545	911
545	981
545	998
546	286
546	291
546	584
546	695
546	830
546	841
546	916
547	309
547	685
547	750
547	761
547	880
547	933
547	936
548	78
548	306
548	384
548	458
548	505
548	582
548	887
549	504
549	712
549	848
549	864
549	879
549	948
549	967
550	158
550	447
550	456
550	489
550	664
550	749
550	968
551	833
551	886
551	891
551	917
551	925
551	934
551	995
552	171
552	178
552	243
552	405
552	605
552	827
552	939
553	653
553	711
553	809
553	817
553	857
553	904
553	991
554	334
554	842
554	890
554	922
554	933
554	958
554	978
555	1
555	323
555	656
555	782
555	822
555	900
555	926
556	102
556	804
556	814
556	934
556	960
556	980
556	987
557	530
557	680
557	723
557	739
557	929
557	954
557	966
558	137
558	230
558	868
558	948
558	967
558	977
558	979
559	134
559	374
559	758
559	814
559	952
559	991
559	999
560	202
560	441
560	733
560	938
560	980
560	986
560	987
561	167
561	637
561	651
561	718
561	840
561	903
561	978
562	58
562	473
562	497
562	716
562	885
562	886
562	995
563	201
563	233
563	691
563	749
563	905
563	919
563	976
564	403
564	769
564	773
564	802
564	865
564	945
564	958
565	52
565	265
565	459
565	770
565	980
565	987
565	993
566	162
566	408
566	587
566	789
566	858
566	915
566	973
567	152
567	163
567	244
567	712
567	723
567	845
567	986
568	665
568	728
568	878
568	895
568	897
568	899
568	921
569	358
569	416
569	633
569	700
569	871
569	942
569	999
570	148
570	466
570	487
570	815
570	838
570	854
570	942
571	260
571	610
571	613
571	826
571	878
571	954
571	970
572	423
572	510
572	769
572	965
572	977
572	979
572	981
573	435
573	536
573	643
573	898
573	924
573	960
573	989
574	578
574	587
574	819
574	862
574	932
574	965
574	981
575	208
575	289
575	611
575	856
575	902
575	977
575	996
576	220
576	545
576	763
576	858
576	914
576	995
576	998
577	174
577	322
577	339
577	483
577	733
577	766
577	965
578	175
578	574
578	696
578	746
578	787
578	939
578	999
579	171
579	262
579	442
579	781
579	811
579	837
579	859
580	133
580	661
580	886
580	913
580	942
580	987
580	995
581	277
581	468
581	669
581	873
581	911
581	947
581	952
582	39
582	54
582	548
582	781
582	923
582	984
582	986
583	770
583	779
583	886
583	897
583	929
583	950
583	963
584	289
584	507
584	523
584	546
584	899
584	904
584	956
584	999
585	737
585	780
585	883
585	906
585	940
585	985
585	990
585	992
586	157
586	300
586	603
586	794
586	896
586	952
586	959
586	996
587	236
587	566
587	574
587	654
587	765
587	813
587	915
587	941
588	43
588	122
588	626
588	853
588	867
588	951
588	984
588	985
589	9
589	30
589	884
589	892
589	919
589	950
589	960
589	969
590	698
590	751
590	767
590	771
590	774
590	910
590	991
590	997
591	255
591	650
591	690
591	796
591	892
591	902
591	971
591	984
592	471
592	596
592	673
592	714
592	733
592	760
592	809
592	931
593	518
593	717
593	822
593	851
593	922
593	931
593	974
593	994
594	180
594	680
594	709
594	806
594	812
594	928
594	945
594	975
595	93
595	614
595	706
595	802
595	902
595	910
595	920
595	1000
596	111
596	592
596	663
596	754
596	805
596	838
596	937
596	977
597	368
597	452
597	802
597	833
597	870
597	964
597	991
597	1000
598	70
598	609
598	814
598	833
598	842
598	983
598	991
598	1000
599	189
599	312
599	350
599	359
599	681
599	705
599	870
599	968
600	417
600	524
600	609
600	667
600	829
600	930
600	991
600	996
601	305
601	397
601	750
601	790
601	846
601	904
601	986
601	988
602	189
602	693
602	838
602	841
602	946
602	951
602	975
602	997
603	586
603	656
603	757
603	768
603	840
603	863
603	887
603	889
604	24
604	376
604	487
604	692
604	846
604	918
604	923
604	932
605	151
605	281
605	439
605	467
605	552
605	741
605	882
605	977
606	75
606	111
606	394
606	609
606	749
606	789
606	850
606	912
607	46
607	112
607	662
607	767
607	910
607	973
607	974
607	996
608	99
608	340
608	478
608	844
608	860
608	875
608	969
608	980
609	14
609	505
609	509
609	598
609	600
609	606
609	689
609	904
610	271
610	370
610	571
610	836
610	921
610	950
610	954
610	976
611	521
611	575
611	724
611	755
611	787
611	861
611	957
611	996
612	10
612	103
612	279
612	737
612	860
612	888
612	977
612	979
613	299
613	459
613	532
613	571
613	743
613	926
613	964
613	967
614	127
614	133
614	440
614	595
614	950
614	959
614	977
614	979
615	170
615	317
615	622
615	715
615	890
615	914
615	986
615	998
616	59
616	174
616	404
616	646
616	896
616	970
616	976
616	993
617	245
617	268
617	280
617	683
617	843
617	894
617	951
617	985
618	214
618	262
618	628
618	665
618	936
618	970
618	982
618	998
619	94
619	186
619	419
619	722
619	839
619	877
619	898
619	936
620	346
620	386
620	468
620	651
620	889
620	947
620	952
620	983
621	149
621	407
621	433
621	745
621	873
621	922
621	962
621	982
622	451
622	615
622	633
622	783
622	863
622	869
622	966
622	999
623	24
623	272
623	467
623	884
623	927
623	930
623	938
623	997
624	515
624	536
624	857
624	870
624	887
624	917
624	968
624	999
625	265
625	286
625	743
625	825
625	919
625	940
625	953
625	971
626	301
626	328
626	588
626	755
626	879
626	957
626	967
626	993
627	55
627	237
627	407
627	544
627	629
627	667
627	773
627	909
628	23
628	297
628	419
628	618
628	664
628	720
628	786
628	998
629	269
629	465
629	495
629	627
629	708
629	850
629	898
629	901
630	489
630	779
630	824
630	928
630	934
630	940
630	941
630	976
631	362
631	513
631	748
631	835
631	843
631	864
631	943
631	998
632	231
632	279
632	300
632	353
632	405
632	840
632	973
632	999
633	569
633	622
633	783
633	788
633	826
633	895
633	940
633	990
634	123
634	357
634	404
634	777
634	903
634	946
634	954
634	960
635	259
635	379
635	842
635	869
635	958
635	959
635	965
635	978
636	400
636	410
636	720
636	815
636	852
636	862
636	968
636	999
637	315
637	497
637	561
637	662
637	848
637	856
637	875
637	900
638	517
638	685
638	724
638	781
638	820
638	958
638	959
638	993
639	288
639	421
639	470
639	542
639	706
639	966
639	999
639	1000
640	192
640	206
640	353
640	464
640	692
640	754
640	957
640	990
641	503
641	711
641	749
641	789
641	850
641	954
641	962
641	971
642	237
642	663
642	694
642	847
642	865
642	956
642	978
642	991
643	8
643	224
643	308
643	573
643	736
643	882
643	909
643	948
644	669
644	799
644	839
644	853
644	908
644	932
644	981
644	983
645	289
645	513
645	787
645	889
645	903
645	913
645	922
645	998
646	616
646	668
646	864
646	948
646	950
646	975
646	993
646	1000
647	460
647	715
647	767
647	878
647	896
647	961
647	990
647	997
648	71
648	333
648	691
648	731
648	879
648	930
648	935
648	995
649	821
649	871
649	875
649	907
649	918
649	955
649	970
649	979
649	992
650	32
650	81
650	83
650	124
650	591
650	659
650	752
650	970
650	993
651	461
651	561
651	620
651	670
651	760
651	865
651	901
651	956
651	978
652	37
652	79
652	407
652	473
652	764
652	831
652	874
652	886
652	987
653	553
653	730
653	803
653	938
653	945
653	963
653	980
653	987
653	996
654	112
654	218
654	587
654	799
654	808
654	882
654	973
654	979
654	986
655	116
655	301
655	393
655	491
655	778
655	809
655	816
655	849
655	925
656	555
656	603
656	810
656	842
656	865
656	956
656	969
656	978
656	987
657	18
657	155
657	258
657	683
657	793
657	801
657	859
657	882
657	986
658	281
658	358
658	390
658	687
658	720
658	817
658	857
658	903
658	996
659	265
659	395
659	415
659	650
659	854
659	879
659	952
659	970
659	993
660	36
660	229
660	259
660	721
660	732
660	775
660	946
660	996
660	997
661	580
661	735
661	823
661	891
661	921
661	935
661	940
661	963
661	995
662	43
662	244
662	607
662	637
662	782
662	801
662	926
662	952
662	964
663	251
663	318
663	448
663	596
663	642
663	798
663	892
663	913
663	976
664	220
664	343
664	420
664	550
664	628
664	746
664	963
664	970
664	990
665	541
665	568
665	618
665	690
665	904
665	926
665	954
665	975
665	978
666	314
666	769
666	773
666	861
666	866
666	895
666	925
666	934
666	945
667	311
667	600
667	627
667	747
667	884
667	937
667	951
667	953
667	959
668	156
668	373
668	483
668	533
668	646
668	932
668	965
668	981
668	983
669	152
669	394
669	581
669	644
669	886
669	891
669	928
669	942
669	995
670	190
670	517
670	532
670	651
670	780
670	824
670	917
670	945
670	988
671	130
671	180
671	325
671	372
671	718
671	731
671	867
671	944
671	992
672	335
672	673
672	680
672	697
672	854
672	897
672	927
672	937
672	938
673	321
673	369
673	437
673	592
673	672
673	763
673	868
673	914
673	938
674	363
674	368
674	430
674	712
674	781
674	832
674	944
674	947
674	986
675	227
675	248
675	289
675	295
675	422
675	722
675	805
675	939
675	988
676	17
676	19
676	287
676	395
676	488
676	886
676	895
676	897
676	923
677	726
677	740
677	789
677	811
677	836
677	866
677	908
677	928
677	933
678	120
678	170
678	188
678	201
678	243
678	322
678	786
678	968
678	987
679	84
679	205
679	533
679	729
679	811
679	816
679	899
679	983
679	993
680	375
680	557
680	594
680	672
680	717
680	824
680	934
680	971
680	986
681	74
681	149
681	476
681	599
681	713
681	759
681	848
681	914
681	979
682	33
682	94
682	126
682	518
682	743
682	813
682	855
682	898
682	994
683	326
683	330
683	522
683	617
683	657
683	977
683	985
683	990
683	992
684	18
684	423
684	731
684	832
684	874
684	886
684	925
684	942
684	963
684	982
685	269
685	323
685	374
685	418
685	547
685	638
685	865
685	879
685	901
685	933
686	160
686	177
686	688
686	729
686	768
686	801
686	915
686	932
686	933
686	990
687	151
687	278
687	300
687	658
687	782
687	839
687	872
687	962
687	973
687	979
688	45
688	59
688	131
688	686
688	825
688	865
688	876
688	940
688	966
688	980
689	296
689	366
689	456
689	609
689	786
689	863
689	893
689	903
689	939
689	992
690	241
690	591
690	665
690	832
690	878
690	889
690	892
690	897
690	921
690	978
691	104
691	170
691	420
691	529
691	563
691	648
691	774
691	833
691	910
691	1000
692	318
692	507
692	604
692	640
692	913
692	930
692	944
692	953
692	971
692	984
693	295
693	463
693	602
693	821
693	830
693	874
693	897
693	918
693	963
693	966
694	173
694	437
694	642
694	704
694	778
694	826
694	955
694	964
694	989
694	991
695	341
695	546
695	736
695	746
695	758
695	774
695	881
695	958
695	991
695	1000
696	458
696	479
696	578
696	775
696	824
696	857
696	880
696	899
696	927
696	998
697	103
697	306
697	672
697	785
697	797
697	804
697	834
697	900
697	938
697	984
698	331
698	590
698	801
698	802
698	874
698	895
698	907
698	909
698	954
698	987
699	46
699	495
699	721
699	772
699	813
699	833
699	859
699	967
699	977
699	979
700	99
700	245
700	455
700	569
700	823
700	837
700	880
700	944
700	986
700	994
701	56
701	66
701	291
701	840
701	849
701	891
701	935
701	942
701	991
701	995
702	113
702	473
702	803
702	832
702	855
702	860
702	911
702	966
702	968
702	997
703	375
703	379
703	409
703	440
703	821
703	912
703	929
703	934
703	950
703	969
704	69
704	694
704	732
704	808
704	955
704	966
704	973
704	976
704	989
704	994
705	381
705	430
705	445
705	523
705	599
705	725
705	794
705	905
705	964
705	996
706	61
706	509
706	595
706	639
706	718
706	885
706	910
706	965
706	991
706	1000
707	197
707	822
707	841
707	893
707	916
707	926
707	945
707	967
707	992
707	998
708	177
708	520
708	629
708	752
708	766
708	780
708	789
708	821
708	962
708	981
709	261
709	386
709	594
709	810
709	865
709	887
709	956
709	958
709	978
709	982
710	47
710	62
710	125
710	295
710	475
710	530
710	773
710	830
710	831
710	845
711	195
711	553
711	641
711	773
711	834
711	875
711	890
711	934
711	949
711	989
712	549
712	567
712	674
712	793
712	823
712	879
712	909
712	947
712	948
712	970
712	992
713	457
713	681
713	851
713	880
713	918
713	931
713	947
713	959
713	960
713	974
713	994
714	153
714	194
714	282
714	592
714	856
714	875
714	920
714	937
714	980
714	998
714	999
715	59
715	504
715	615
715	647
715	718
715	814
715	833
715	947
715	953
715	991
715	1000
716	278
716	384
716	562
716	761
716	859
716	891
716	913
716	925
716	982
716	987
716	995
717	145
717	324
717	593
717	680
717	809
717	817
717	834
717	890
717	917
717	934
717	990
718	216
718	561
718	671
718	706
718	715
718	758
718	802
718	864
718	956
718	991
718	1000
719	255
719	297
719	387
719	401
719	425
719	723
719	874
719	895
719	918
719	973
719	991
720	54
720	290
720	505
720	628
720	636
720	658
720	745
720	786
720	886
720	955
720	973
721	117
721	332
721	660
721	699
721	778
721	829
721	848
721	933
721	940
721	961
721	972
722	257
722	275
722	377
722	469
722	619
722	675
722	788
722	790
722	887
722	895
722	962
723	72
723	557
723	567
723	719
723	838
723	842
723	845
723	891
723	907
723	923
723	999
724	334
724	611
724	638
724	792
724	803
724	820
724	842
724	905
724	947
724	951
724	958
725	130
725	137
725	219
725	347
725	366
725	705
725	756
725	759
725	816
725	946
725	960
726	139
726	247
726	411
726	479
726	530
726	677
726	919
726	921
726	940
726	951
726	990
727	179
727	338
727	344
727	543
727	834
727	883
727	905
727	941
727	969
727	984
727	985
728	25
728	30
728	378
728	478
728	568
728	740
728	862
728	932
728	965
728	981
728	983
729	138
729	531
729	679
729	686
729	766
729	806
729	840
729	856
729	885
729	944
729	984
730	502
730	653
730	774
730	803
730	804
730	842
730	849
730	860
730	916
730	925
730	966
731	427
731	648
731	671
731	684
731	779
731	798
731	925
731	935
731	942
731	995
731	997
732	125
732	227
732	305
732	503
732	660
732	704
732	778
732	881
732	894
732	908
732	989
733	442
733	560
733	577
733	592
733	804
733	844
733	858
733	913
733	974
733	980
733	987
734	215
734	259
734	315
734	461
734	504
734	848
734	858
734	888
734	960
734	982
734	998
735	661
735	838
735	839
735	862
735	874
735	887
735	932
735	965
735	974
735	981
735	983
736	95
736	643
736	695
736	867
736	920
736	940
736	947
736	948
736	952
736	963
736	970
737	69
737	304
737	507
737	585
737	612
737	836
737	870
737	872
737	882
737	911
737	988
738	525
738	756
738	851
738	864
738	866
738	880
738	931
738	974
738	975
738	994
739	399
739	502
739	521
739	557
739	753
739	845
739	912
739	916
739	954
739	961
739	977
740	39
740	305
740	422
740	514
740	677
740	728
740	764
740	819
740	919
740	923
740	987
741	144
741	249
741	285
741	441
741	605
741	755
741	769
741	783
741	824
741	934
741	972
742	440
742	471
742	746
742	891
742	914
742	947
742	963
742	968
742	994
742	998
742	999
743	613
743	625
743	682
743	796
743	888
743	927
743	930
743	933
743	953
743	976
743	994
744	454
744	813
744	850
744	851
744	880
744	904
744	920
744	931
744	974
744	986
744	994
745	230
745	394
745	621
745	720
745	749
745	813
745	828
745	871
745	873
745	962
745	965
746	75
746	399
746	537
746	578
746	664
746	695
746	742
746	747
746	860
746	869
746	936
747	166
747	247
747	403
747	511
747	667
747	746
747	773
747	779
747	793
747	928
747	945
748	158
748	200
748	263
748	315
748	631
748	879
748	909
748	947
748	955
748	986
748	993
749	26
749	550
749	563
749	606
749	641
749	745
749	892
749	922
749	927
749	962
749	980
750	231
750	275
750	320
750	423
750	505
750	547
750	601
750	771
750	836
750	839
750	939
751	85
751	144
751	349
751	590
751	814
751	832
751	910
751	922
751	971
751	991
751	1000
752	346
752	650
752	708
752	771
752	837
752	879
752	945
752	947
752	952
752	993
752	1000
753	429
753	468
753	739
753	869
753	912
753	923
753	950
753	954
753	957
753	963
753	990
754	114
754	125
754	514
754	543
754	596
754	640
754	791
754	881
754	894
754	980
754	985
754	992
755	113
755	402
755	611
755	626
755	741
755	816
755	879
755	920
755	952
755	968
755	970
755	978
756	172
756	409
756	534
756	536
756	725
756	738
756	805
756	869
756	916
756	960
756	983
756	1000
757	15
757	20
757	157
757	603
757	765
757	768
757	781
757	966
757	981
757	984
757	986
757	992
758	214
758	359
758	372
758	412
758	559
758	695
758	718
758	768
758	917
758	940
758	991
758	1000
759	149
759	237
759	442
759	479
759	681
759	725
759	787
759	889
759	912
759	946
759	968
759	971
760	284
760	368
760	592
760	651
760	801
760	906
760	934
760	944
760	946
760	983
760	985
760	986
761	18
761	68
761	333
761	371
761	510
761	547
761	716
761	852
761	863
761	902
761	925
761	995
762	121
762	277
762	366
762	407
762	446
762	477
762	490
762	527
762	881
762	942
762	948
762	998
763	142
763	455
763	576
763	673
763	878
763	885
763	938
763	949
763	950
763	961
763	984
763	996
764	108
764	260
764	345
764	506
764	652
764	740
764	819
764	855
764	901
764	907
764	987
764	994
765	361
765	408
765	436
765	457
765	587
765	757
765	822
765	906
765	930
765	951
765	980
765	986
766	35
766	344
766	429
766	577
766	708
766	729
766	850
766	873
766	881
766	922
766	962
766	997
767	148
767	541
767	590
767	607
767	647
767	790
767	813
767	882
767	911
767	959
767	964
767	993
768	120
768	511
768	542
768	603
768	686
768	757
768	758
768	858
768	867
768	887
768	956
768	986
769	283
769	564
769	572
769	666
769	741
769	773
769	775
769	904
769	926
769	941
769	968
769	985
770	28
770	232
770	239
770	424
770	447
770	472
770	565
770	583
770	772
770	907
770	963
770	997
771	31
771	49
771	198
771	590
771	750
771	752
771	805
771	807
771	837
771	860
771	969
771	988
772	41
772	273
772	357
772	391
772	699
772	770
772	874
772	888
772	895
772	950
772	954
772	959
773	443
773	445
773	564
773	627
773	666
773	710
773	711
773	747
773	769
773	824
773	838
773	889
774	299
774	521
774	590
774	691
774	695
774	730
774	848
774	910
774	924
774	939
774	945
774	1000
775	286
775	350
775	449
775	660
775	696
775	769
775	793
775	798
775	862
775	890
775	938
775	941
776	141
776	280
776	322
776	377
776	483
776	789
776	820
776	850
776	900
776	922
776	977
776	982
777	57
777	349
777	365
777	499
777	530
777	634
777	816
777	864
777	880
777	888
777	945
777	946
777	991
778	439
778	474
778	655
778	694
778	721
778	732
778	881
778	937
778	955
778	957
778	969
778	988
778	989
779	13
779	253
779	583
779	630
779	731
779	747
779	822
779	849
779	890
779	935
779	941
779	945
779	963
780	86
780	149
780	150
780	585
780	670
780	708
780	836
780	886
780	891
780	921
780	951
780	969
780	985
781	83
781	308
781	387
781	414
781	417
781	579
781	582
781	638
781	674
781	757
781	870
781	881
781	906
782	112
782	460
782	466
782	485
782	555
782	662
782	687
782	867
782	872
782	881
782	911
782	958
782	1000
783	117
783	321
783	447
783	622
783	633
783	741
783	831
783	849
783	871
783	929
783	950
783	966
783	976
784	67
784	103
784	267
784	381
784	490
784	494
784	790
784	812
784	838
784	869
784	938
784	964
784	991
785	73
785	100
785	248
785	252
785	411
785	434
785	697
785	798
785	803
785	854
785	892
785	927
785	971
786	509
786	628
786	678
786	689
786	720
786	819
786	844
786	855
786	889
786	890
786	903
786	973
786	982
787	37
787	487
787	510
787	578
787	611
787	645
787	759
787	862
787	887
787	904
787	959
787	968
787	999
788	266
788	276
788	313
788	633
788	722
788	796
788	805
788	807
788	808
788	916
788	938
788	939
788	988
789	302
789	566
789	606
789	641
789	677
789	708
789	776
789	841
789	870
789	873
789	922
789	962
789	989
790	42
790	131
790	248
790	313
790	331
790	531
790	601
790	722
790	767
790	784
790	939
790	949
790	988
791	35
791	143
791	442
791	506
791	754
791	844
791	857
791	941
791	944
791	966
791	975
791	987
791	991
792	22
792	342
792	404
792	724
792	797
792	804
792	847
792	860
792	956
792	958
792	965
792	978
792	996
793	431
793	443
793	657
793	712
793	747
793	775
793	806
793	928
793	929
793	934
793	945
793	961
793	982
793	995
794	130
794	282
794	303
794	586
794	705
794	805
794	812
794	861
794	891
794	941
794	949
794	957
794	961
794	996
795	210
795	390
795	482
795	492
795	857
795	905
795	906
795	913
795	927
795	930
795	970
795	971
795	976
795	999
796	237
796	239
796	403
796	519
796	544
796	591
796	743
796	788
796	840
796	859
796	884
796	906
796	953
796	971
797	316
797	494
797	511
797	697
797	792
797	820
797	856
797	900
797	902
797	910
797	911
797	938
797	943
797	970
798	386
798	521
798	536
798	663
798	731
798	775
798	785
798	877
798	878
798	906
798	940
798	975
798	982
798	997
799	40
799	98
799	183
799	324
799	532
799	644
799	654
799	852
799	878
799	911
799	953
799	964
799	979
799	988
800	213
800	369
800	433
800	443
800	806
800	824
800	852
800	868
800	890
800	928
800	941
800	969
800	994
800	1000
801	358
801	374
801	657
801	662
801	686
801	698
801	760
801	819
801	827
801	883
801	906
801	944
801	984
801	988
802	238
802	452
802	476
802	564
802	595
802	597
802	698
802	718
802	833
802	846
802	953
802	969
802	991
802	1000
803	39
803	138
803	232
803	422
803	475
803	506
803	653
803	702
803	724
803	730
803	785
803	825
803	936
803	988
804	265
804	317
804	526
804	531
804	556
804	697
804	730
804	733
804	792
804	927
804	952
804	980
804	986
804	987
805	136
805	360
805	535
805	596
805	675
805	756
805	771
805	788
805	794
805	807
805	868
805	924
805	939
805	988
806	380
806	448
806	474
806	594
806	729
806	793
806	800
806	834
806	849
806	854
806	945
806	970
806	978
806	991
807	112
807	190
807	320
807	510
807	531
807	771
807	788
807	805
807	817
807	891
807	939
807	967
807	988
807	996
808	142
808	412
808	426
808	437
808	472
808	487
808	502
808	517
808	654
808	704
808	788
808	854
808	856
808	943
809	109
809	139
809	285
809	553
809	592
809	655
809	717
809	811
809	817
809	830
809	837
809	849
809	934
809	941
810	310
810	656
810	709
810	847
810	901
810	916
810	956
810	958
810	961
810	971
810	978
810	980
810	983
810	985
811	368
811	579
811	677
811	679
811	809
811	814
811	817
811	832
811	876
811	898
811	933
811	948
811	960
811	972
811	986
812	111
812	162
812	274
812	351
812	367
812	420
812	470
812	594
812	784
812	794
812	854
812	883
812	900
812	910
812	943
813	251
813	438
813	587
813	682
813	699
813	744
813	745
813	767
813	851
813	868
813	935
813	959
813	964
813	973
813	979
814	466
814	488
814	556
814	559
814	598
814	715
814	751
814	811
814	859
814	910
814	917
814	932
814	978
814	985
814	991
815	22
815	311
815	363
815	500
815	505
815	570
815	636
815	888
815	903
815	904
815	906
815	956
815	981
815	998
815	999
816	292
816	365
816	462
816	655
816	679
816	725
816	755
816	777
816	828
816	868
816	876
816	943
816	965
816	972
816	988
817	88
817	285
817	457
817	553
817	658
817	717
817	807
817	809
817	811
817	849
817	928
817	934
817	941
817	953
817	990
818	162
818	279
818	321
818	324
818	517
818	854
818	875
818	896
818	900
818	927
818	928
818	937
818	938
818	978
818	983
819	240
819	336
819	513
819	574
819	740
819	764
819	786
819	801
819	825
819	855
819	934
819	943
819	980
819	987
819	995
820	44
820	51
820	123
820	293
820	323
820	361
820	638
820	724
820	776
820	797
820	909
820	956
820	958
820	976
820	978
821	54
821	284
821	398
821	403
821	534
821	649
821	693
821	703
821	708
821	871
821	893
821	929
821	950
821	954
821	965
822	5
822	144
822	147
822	427
822	440
822	555
822	593
822	707
822	765
822	779
822	884
822	964
822	967
822	970
822	973
823	177
823	218
823	272
823	333
823	458
823	661
823	700
823	712
823	856
823	891
823	910
823	925
823	935
823	981
823	999
824	146
824	157
824	374
824	413
824	630
824	670
824	680
824	696
824	741
824	773
824	800
824	847
824	849
824	928
824	983
825	1
825	59
825	111
825	264
825	317
825	332
825	481
825	625
825	688
825	803
825	819
825	855
825	877
825	905
825	987
826	62
826	172
826	175
826	331
826	571
826	633
826	694
826	859
826	906
826	907
826	918
826	976
826	991
826	994
826	999
827	11
827	285
827	534
827	552
827	801
827	840
827	858
827	859
827	887
827	890
827	891
827	894
827	915
827	948
827	986
828	335
828	463
828	519
828	533
828	745
828	816
828	848
828	876
828	885
828	897
828	929
828	953
828	969
828	983
828	997
829	196
829	462
829	538
829	600
829	721
829	861
829	885
829	890
829	896
829	902
829	910
829	949
829	951
829	957
829	985
829	996
830	30
830	309
830	328
830	415
830	435
830	533
830	546
830	693
830	710
830	809
830	936
830	960
830	968
830	972
830	986
830	987
831	244
831	410
831	447
831	475
831	512
831	529
831	652
831	710
831	783
831	871
831	912
831	923
831	964
831	988
831	998
831	999
832	83
832	132
832	674
832	684
832	690
832	702
832	751
832	811
832	845
832	888
832	910
832	933
832	948
832	972
832	975
832	982
833	33
833	53
833	61
833	245
833	272
833	528
833	551
833	597
833	598
833	691
833	699
833	715
833	802
833	875
833	910
833	1000
834	161
834	202
834	203
834	226
834	234
834	393
834	697
834	711
834	717
834	727
834	806
834	849
834	887
834	898
834	934
834	954
835	71
835	493
835	631
835	864
835	871
835	879
835	904
835	911
835	920
835	947
835	948
835	952
835	959
835	980
835	985
835	993
836	41
836	86
836	209
836	311
836	526
836	610
836	677
836	737
836	750
836	780
836	844
836	894
836	915
836	951
836	962
836	990
837	78
837	109
837	388
837	508
837	579
837	700
837	752
837	771
837	809
837	858
837	877
837	887
837	915
837	944
837	986
837	998
838	367
838	517
838	528
838	570
838	596
838	602
838	723
838	735
838	773
838	784
838	856
838	900
838	924
838	988
838	989
838	996
839	138
839	501
839	540
839	619
839	644
839	687
839	735
839	750
839	862
839	932
839	934
839	961
839	965
839	971
839	981
839	983
840	193
840	225
840	515
840	561
840	603
840	632
840	701
840	729
840	796
840	827
840	841
840	887
840	911
840	944
840	984
840	986
841	45
841	135
841	487
841	546
841	602
841	707
841	789
841	840
841	866
841	888
841	908
841	940
841	959
841	975
841	980
841	982
842	186
842	270
842	369
842	392
842	401
842	501
842	525
842	554
842	598
842	635
842	656
842	723
842	724
842	730
842	847
842	956
842	958
843	12
843	56
843	113
843	449
843	617
843	631
843	864
843	881
843	903
843	909
843	918
843	945
843	947
843	948
843	952
843	970
843	993
844	33
844	35
844	96
844	336
844	381
844	426
844	467
844	608
844	733
844	786
844	791
844	836
844	860
844	902
844	980
844	987
844	998
845	63
845	129
845	260
845	278
845	353
845	471
845	567
845	710
845	723
845	739
845	832
845	891
845	918
845	929
845	941
845	963
845	966
846	19
846	95
846	118
846	354
846	387
846	500
846	601
846	604
846	802
846	885
846	907
846	923
846	929
846	952
846	954
846	963
846	997
847	428
847	642
847	792
847	810
847	824
847	842
847	865
847	866
847	879
847	901
847	945
847	958
847	967
847	978
847	981
847	986
847	992
848	219
848	512
848	549
848	637
848	681
848	721
848	734
848	774
848	828
848	851
848	852
848	883
848	912
848	952
848	975
848	982
848	997
849	110
849	483
849	500
849	532
849	655
849	701
849	730
849	779
849	783
849	806
849	809
849	817
849	824
849	834
849	941
849	956
849	982
850	26
850	363
850	540
850	606
850	629
850	641
850	744
850	766
850	776
850	873
850	884
850	917
850	922
850	949
850	962
850	964
850	975
851	82
851	129
851	188
851	210
851	593
851	713
851	738
851	744
851	813
851	848
851	880
851	882
851	905
851	909
851	931
851	974
851	994
851	996
852	355
852	462
852	469
852	519
852	636
852	761
852	799
852	800
852	848
852	857
852	866
852	916
852	923
852	945
852	946
852	951
852	972
852	997
853	92
853	106
853	160
853	170
853	282
853	406
853	517
853	588
853	644
853	854
853	882
853	916
853	924
853	937
853	938
853	940
853	943
853	975
854	538
854	570
854	659
854	672
854	785
854	806
854	808
854	812
854	818
854	853
854	873
854	886
854	900
854	937
854	943
854	957
854	961
854	998
855	102
855	185
855	269
855	493
855	502
855	682
855	702
855	764
855	786
855	819
855	825
855	866
855	925
855	939
855	964
855	973
855	987
855	1000
856	122
856	190
856	437
856	486
856	534
856	575
856	637
856	714
856	729
856	797
856	808
856	823
856	838
856	866
856	937
856	943
856	981
856	984
857	155
857	224
857	306
857	488
857	539
857	553
857	624
857	658
857	696
857	791
857	795
857	852
857	880
857	898
857	899
857	907
857	970
857	999
858	58
858	101
858	207
858	441
858	566
858	576
858	733
858	734
858	768
858	827
858	837
858	859
858	872
858	875
858	903
858	915
858	944
858	969
859	363
859	418
859	445
859	579
859	657
859	699
859	716
859	796
859	814
859	826
859	827
859	858
859	885
859	887
859	922
859	938
859	984
859	986
860	131
860	185
860	325
860	340
860	422
860	432
860	608
860	612
860	702
860	730
860	746
860	771
860	792
860	844
860	958
860	962
860	966
860	980
861	76
861	164
861	250
861	371
861	505
861	611
861	666
861	794
861	829
861	878
861	885
861	896
861	902
861	949
861	955
861	961
861	984
861	999
862	330
862	501
862	574
862	636
862	728
862	735
862	775
862	787
862	839
862	894
862	915
862	932
862	956
862	965
862	971
862	977
862	981
862	983
862	994
863	28
863	31
863	312
863	359
863	450
863	464
863	603
863	622
863	689
863	761
863	870
863	872
863	904
863	914
863	921
863	980
863	994
863	998
863	999
864	228
864	304
864	536
864	549
864	631
864	646
864	718
864	738
864	777
864	835
864	843
864	948
864	949
864	952
864	970
864	972
864	992
864	993
864	996
865	106
865	361
865	404
865	564
865	642
865	651
865	656
865	685
865	688
865	709
865	847
865	914
865	920
865	945
865	953
865	956
865	978
865	981
865	984
866	90
866	95
866	123
866	666
866	677
866	738
866	841
866	847
866	852
866	855
866	856
866	875
866	900
866	916
866	946
866	975
866	993
866	994
866	997
867	37
867	76
867	235
867	257
867	264
867	378
867	588
867	671
867	736
867	768
867	782
867	894
867	937
867	966
867	982
867	985
867	990
867	992
867	998
868	27
868	159
868	319
868	325
868	482
868	520
868	558
868	673
868	800
868	805
868	813
868	816
868	882
868	911
868	920
868	959
868	964
868	973
868	977
869	115
869	176
869	211
869	340
869	356
869	369
869	454
869	500
869	539
869	622
869	635
869	746
869	753
869	756
869	784
869	929
869	932
869	948
869	998
870	71
870	120
870	246
870	335
870	356
870	464
870	524
870	543
870	597
870	599
870	624
870	737
870	781
870	789
870	863
870	899
870	918
870	960
870	998
871	55
871	101
871	179
871	206
871	235
871	271
871	569
871	649
871	745
871	783
871	821
871	831
871	835
871	874
871	912
871	949
871	950
871	971
871	974
872	52
872	115
872	433
872	456
872	507
872	687
872	737
872	782
872	858
872	863
872	904
872	908
872	924
872	936
872	966
872	967
872	971
872	973
872	977
873	16
873	141
873	212
873	247
873	382
873	495
873	581
873	621
873	745
873	766
873	789
873	850
873	854
873	905
873	907
873	935
873	962
873	986
873	992
874	376
874	391
874	413
874	438
874	440
874	521
874	652
874	684
874	693
874	698
874	719
874	735
874	772
874	871
874	889
874	894
874	907
874	918
874	956
875	124
875	135
875	486
875	487
875	511
875	538
875	608
875	637
875	649
875	711
875	714
875	818
875	833
875	858
875	866
875	901
875	924
875	937
875	944
875	968
876	19
876	307
876	385
876	688
876	811
876	816
876	828
876	877
876	879
876	895
876	908
876	910
876	921
876	922
876	930
876	933
876	946
876	962
876	975
876	982
877	34
877	42
877	240
877	247
877	259
877	318
877	344
877	421
877	619
877	798
877	825
877	837
877	876
877	933
877	936
877	952
877	958
877	960
877	972
877	984
878	203
878	350
878	484
878	568
878	571
878	647
878	690
878	763
878	798
878	799
878	861
878	885
878	915
878	934
878	944
878	949
878	961
878	974
878	977
878	996
879	185
879	197
879	214
879	468
879	496
879	535
879	549
879	626
879	648
879	659
879	685
879	712
879	748
879	752
879	755
879	835
879	847
879	876
879	947
879	991
880	227
880	421
880	547
880	696
880	700
880	713
880	738
880	744
880	777
880	851
880	857
880	894
880	896
880	903
880	931
880	961
880	974
880	994
880	1000
881	23
881	135
881	140
881	389
881	439
881	444
881	474
881	695
881	732
881	754
881	762
881	766
881	778
881	781
881	782
881	843
881	944
881	955
881	960
881	989
882	91
882	243
882	285
882	518
882	605
882	643
882	654
882	657
882	737
882	767
882	851
882	853
882	868
882	899
882	959
882	967
882	977
882	979
882	983
882	984
883	76
883	165
883	205
883	280
883	308
883	456
883	467
883	480
883	528
883	585
883	727
883	801
883	812
883	848
883	951
883	969
883	975
883	985
883	992
883	993
884	109
884	175
884	184
884	263
884	329
884	348
884	434
884	536
884	589
884	623
884	667
884	796
884	822
884	850
884	905
884	913
884	927
884	983
884	997
884	998
885	137
885	356
885	460
885	480
885	562
885	706
885	729
885	763
885	828
885	829
885	846
885	859
885	861
885	878
885	912
885	949
885	961
885	981
885	996
885	999
886	188
886	384
886	481
886	551
886	562
886	580
886	583
886	652
886	669
886	676
886	684
886	720
886	780
886	854
886	896
886	935
886	942
886	963
886	995
886	1000
887	47
887	161
887	548
887	603
887	624
887	709
887	722
887	735
887	768
887	787
887	827
887	834
887	837
887	840
887	859
887	906
887	915
887	920
887	962
887	984
888	165
888	355
888	474
888	612
888	734
888	743
888	772
888	777
888	815
888	832
888	841
888	895
888	897
888	898
888	908
888	913
888	936
888	940
888	943
888	997
889	35
889	50
889	542
889	545
889	603
889	620
889	645
889	690
889	759
889	773
889	786
889	874
889	899
889	904
889	910
889	914
889	946
889	953
889	968
889	995
890	380
890	382
890	449
890	491
890	554
890	615
890	711
890	717
890	775
890	779
890	786
890	800
890	827
890	829
890	928
890	941
890	945
890	968
890	972
890	995
891	253
891	366
891	384
891	551
891	661
891	669
891	701
891	716
891	723
891	742
891	780
891	794
891	807
891	823
891	827
891	845
891	925
891	942
891	990
891	996
892	181
892	287
892	318
892	452
892	519
892	589
892	591
892	663
892	690
892	749
892	785
892	905
892	913
892	919
892	927
892	934
892	942
892	943
892	973
892	976
893	32
893	154
893	159
893	304
893	362
893	431
893	456
893	459
893	689
893	707
893	821
893	901
893	907
893	926
893	959
893	964
893	965
893	975
893	979
893	986
893	988
894	19
894	220
894	235
894	300
894	329
894	514
894	524
894	617
894	732
894	754
894	827
894	836
894	862
894	867
894	874
894	880
894	969
894	985
894	990
894	992
894	999
895	292
895	395
895	401
895	416
895	522
895	568
895	633
895	666
895	676
895	698
895	719
895	722
895	772
895	876
895	888
895	912
895	913
895	918
895	963
895	965
895	972
896	157
896	455
896	462
896	536
896	586
896	616
896	647
896	818
896	829
896	861
896	880
896	886
896	902
896	954
896	957
896	961
896	967
896	975
896	980
896	984
896	996
897	119
897	204
897	283
897	292
897	347
897	362
897	415
897	568
897	583
897	672
897	676
897	690
897	693
897	828
897	888
897	899
897	940
897	941
897	960
897	985
897	997
898	172
898	364
898	419
898	573
898	619
898	629
898	682
898	811
898	834
898	857
898	888
898	900
898	905
898	915
898	916
898	923
898	936
898	946
898	960
898	972
898	990
899	50
899	187
899	243
899	334
899	454
899	470
899	568
899	584
899	679
899	696
899	857
899	870
899	882
899	889
899	897
899	903
899	909
899	935
899	979
899	998
899	999
900	92
900	179
900	282
900	443
900	542
900	555
900	637
900	697
900	776
900	797
900	812
900	818
900	838
900	854
900	866
900	898
900	903
900	923
900	926
900	937
900	938
900	943
901	34
901	43
901	91
901	208
901	256
901	361
901	383
901	445
901	525
901	532
901	629
901	651
901	685
901	764
901	810
901	847
901	875
901	893
901	927
901	958
901	978
901	987
902	32
902	107
902	115
902	164
902	355
902	475
902	513
902	575
902	591
902	595
902	761
902	797
902	829
902	844
902	861
902	896
902	949
902	950
902	957
902	961
902	989
902	996
903	120
903	158
903	160
903	354
903	399
903	493
903	561
903	634
903	645
903	658
903	689
903	786
903	815
903	843
903	858
903	880
903	899
903	900
903	904
903	914
903	968
903	981
904	199
904	369
904	470
904	515
904	553
904	584
904	601
904	609
904	665
904	744
904	769
904	787
904	815
904	835
904	863
904	872
904	889
904	903
904	915
904	928
904	971
904	998
905	73
905	89
905	278
905	406
905	420
905	451
905	494
905	516
905	563
905	705
905	724
905	727
905	795
905	825
905	851
905	873
905	884
905	892
905	898
905	913
905	927
905	976
906	16
906	78
906	84
906	236
906	364
906	414
906	585
906	760
906	765
906	781
906	795
906	796
906	798
906	801
906	815
906	826
906	887
906	966
906	977
906	984
906	986
906	991
907	74
907	146
907	278
907	300
907	436
907	649
907	698
907	723
907	764
907	770
907	826
907	846
907	857
907	873
907	874
907	893
907	912
907	918
907	949
907	954
907	978
907	989
908	27
908	80
908	276
908	399
908	463
908	644
908	677
908	732
908	841
908	872
908	876
908	888
908	914
908	931
908	933
908	936
908	940
908	972
908	975
908	982
908	985
908	990
909	180
909	222
909	366
909	446
909	489
909	490
909	514
909	541
909	627
909	643
909	698
909	712
909	748
909	820
909	843
909	851
909	899
909	959
909	970
909	988
909	993
909	1000
910	9
910	129
910	590
910	595
910	607
910	691
910	706
910	751
910	774
910	797
910	812
910	814
910	823
910	829
910	832
910	833
910	876
910	889
910	917
910	964
910	970
910	991
910	1000
911	24
911	156
911	158
911	340
911	545
911	581
911	702
911	737
911	767
911	782
911	797
911	799
911	835
911	840
911	868
911	926
911	931
911	959
911	964
911	967
911	973
911	977
911	993
912	5
912	74
912	215
912	319
912	394
912	401
912	606
912	703
912	739
912	753
912	759
912	831
912	848
912	871
912	885
912	895
912	907
912	918
912	923
912	942
912	954
912	985
912	989
913	9
913	191
913	221
913	371
913	436
913	580
913	645
913	663
913	692
913	716
913	733
913	795
913	884
913	888
913	892
913	895
913	905
913	919
913	923
913	953
913	971
913	987
913	992
914	77
914	165
914	242
914	281
914	447
914	539
914	576
914	615
914	673
914	681
914	742
914	863
914	865
914	889
914	903
914	908
914	922
914	962
914	968
914	975
914	989
914	998
914	999
915	88
915	132
915	193
915	196
915	236
915	511
915	566
915	587
915	686
915	827
915	836
915	837
915	858
915	862
915	878
915	887
915	898
915	904
915	968
915	970
915	980
915	984
915	986
916	8
916	322
916	357
916	409
916	421
916	481
916	546
916	707
916	730
916	739
916	756
916	788
916	810
916	852
916	853
916	866
916	898
916	933
916	940
916	960
916	972
916	990
916	997
917	97
917	119
917	139
917	168
917	169
917	249
917	326
917	420
917	551
917	624
917	670
917	717
917	758
917	814
917	850
917	910
917	931
917	946
917	967
917	975
917	978
917	991
917	1000
918	150
918	280
918	380
918	454
918	604
918	649
918	693
918	713
918	719
918	826
918	843
918	845
918	870
918	874
918	895
918	907
918	912
918	923
918	932
918	935
918	978
918	992
918	998
919	53
919	251
919	281
919	408
919	424
919	516
919	563
919	589
919	625
919	726
919	740
919	892
919	913
919	930
919	953
919	959
919	971
919	976
919	977
919	981
919	989
919	995
919	1000
920	121
920	283
920	416
920	489
920	498
920	523
920	595
920	714
920	736
920	744
920	755
920	835
920	865
920	868
920	887
920	947
920	948
920	952
920	954
920	963
920	967
920	970
920	993
921	26
921	146
921	262
921	270
921	345
921	404
921	412
921	463
921	510
921	530
921	568
921	610
921	661
921	690
921	726
921	780
921	863
921	876
921	928
921	975
921	982
921	983
921	997
922	63
922	290
922	382
922	394
922	429
922	448
922	451
922	554
922	593
922	621
922	645
922	749
922	751
922	766
922	776
922	789
922	850
922	859
922	876
922	914
922	962
922	972
922	989
923	14
923	50
923	82
923	387
923	389
923	582
923	604
923	676
923	723
923	740
923	753
923	831
923	846
923	852
923	898
923	900
923	912
923	913
923	918
923	924
923	929
923	947
923	995
924	159
924	194
924	274
924	315
924	316
924	367
924	439
924	463
924	538
924	573
924	774
924	805
924	838
924	853
924	872
924	875
924	923
924	937
924	938
924	939
924	943
924	972
924	997
925	68
925	184
925	253
925	255
925	468
925	476
925	551
925	655
925	666
925	684
925	716
925	730
925	731
925	761
925	823
925	855
925	891
925	942
925	946
925	955
925	990
925	995
925	998
926	88
926	91
926	212
926	272
926	324
926	433
926	438
926	507
926	555
926	613
926	662
926	665
926	707
926	769
926	893
926	900
926	911
926	927
926	946
926	962
926	977
926	978
926	997
927	251
927	261
927	275
927	447
927	451
927	524
927	544
927	623
927	672
927	696
927	743
927	749
927	785
927	795
927	804
927	818
927	884
927	892
927	901
927	905
927	926
927	953
927	956
927	963
928	144
928	176
928	256
928	267
928	380
928	460
928	594
928	630
928	669
928	677
928	747
928	793
928	800
928	817
928	818
928	824
928	890
928	904
928	921
928	934
928	936
928	941
928	945
928	965
929	7
929	47
929	183
929	240
929	312
929	327
929	395
929	438
929	473
929	521
929	557
929	583
929	703
929	783
929	793
929	821
929	828
929	845
929	846
929	869
929	923
929	963
929	965
929	996
930	11
930	48
930	107
930	252
930	255
930	338
930	396
930	434
930	446
930	516
930	600
930	623
930	648
930	692
930	743
930	765
930	795
930	876
930	919
930	955
930	964
930	970
930	976
930	978
931	75
931	94
931	195
931	216
931	242
931	294
931	295
931	425
931	432
931	479
931	516
931	592
931	593
931	713
931	738
931	744
931	851
931	880
931	908
931	911
931	917
931	974
931	992
931	994
932	105
932	142
932	168
932	294
932	444
932	472
932	525
932	574
932	604
932	644
932	668
932	686
932	728
932	735
932	814
932	839
932	862
932	869
932	918
932	933
932	934
932	961
932	965
932	981
932	983
933	104
933	354
933	355
933	393
933	415
933	496
933	527
933	547
933	554
933	677
933	685
933	686
933	721
933	743
933	811
933	832
933	876
933	877
933	908
933	916
933	932
933	960
933	963
933	982
933	992
934	348
934	428
934	551
934	556
934	630
934	666
934	680
934	703
934	711
934	717
934	741
934	760
934	793
934	809
934	817
934	819
934	834
934	839
934	878
934	892
934	928
934	932
934	941
934	945
934	957
935	4
935	93
935	128
935	289
935	291
935	360
935	458
935	465
935	476
935	482
935	648
935	661
935	701
935	731
935	779
935	813
935	823
935	873
935	886
935	899
935	918
935	942
935	982
935	987
935	995
936	11
936	268
936	274
936	345
936	377
936	399
936	541
936	547
936	618
936	619
936	746
936	803
936	830
936	872
936	877
936	888
936	898
936	908
936	928
936	945
936	948
936	949
936	971
936	982
936	997
937	77
937	84
937	134
937	316
937	427
937	437
937	596
937	667
937	672
937	714
937	778
937	818
937	853
937	854
937	856
937	867
937	875
937	900
937	924
937	939
937	949
937	968
937	985
937	990
937	1000
938	9
938	127
938	132
938	154
938	204
938	406
938	494
938	560
938	623
938	653
938	672
938	673
938	697
938	763
938	775
938	784
938	788
938	797
938	818
938	853
938	859
938	900
938	924
938	943
938	963
938	983
939	7
939	38
939	49
939	96
939	156
939	167
939	178
939	198
939	305
939	360
939	490
939	552
939	578
939	675
939	689
939	750
939	774
939	788
939	790
939	805
939	807
939	855
939	924
939	937
939	962
939	982
940	36
940	260
940	264
940	328
940	386
940	419
940	585
940	625
940	630
940	633
940	661
940	688
940	721
940	726
940	736
940	758
940	798
940	841
940	853
940	888
940	897
940	908
940	916
940	946
940	977
940	997
941	213
941	254
941	275
941	412
941	587
941	630
941	727
941	769
941	775
941	779
941	791
941	794
941	800
941	809
941	817
941	845
941	849
941	890
941	897
941	928
941	934
941	967
941	974
941	982
941	987
941	995
942	4
942	100
942	141
942	246
942	272
942	313
942	352
942	426
942	449
942	569
942	570
942	580
942	669
942	684
942	701
942	731
942	762
942	886
942	891
942	892
942	912
942	925
942	935
942	962
942	975
942	990
943	204
943	207
943	267
943	274
943	398
943	444
943	486
943	535
943	631
943	797
943	808
943	812
943	816
943	819
943	853
943	854
943	856
943	888
943	892
943	900
943	924
943	938
943	947
943	976
943	988
943	996
944	15
944	73
944	90
944	217
944	245
944	335
944	338
944	445
944	508
944	517
944	671
944	674
944	692
944	700
944	729
944	760
944	791
944	801
944	837
944	840
944	858
944	875
944	878
944	881
944	960
944	984
944	986
945	116
945	314
945	388
945	491
945	564
945	594
945	653
945	666
945	670
945	707
945	747
945	752
945	774
945	777
945	779
945	793
945	806
945	843
945	847
945	852
945	865
945	890
945	928
945	934
945	936
945	950
945	954
946	11
946	303
946	326
946	328
946	602
946	634
946	660
946	725
946	759
946	760
946	777
946	852
946	866
946	876
946	889
946	898
946	917
946	925
946	926
946	940
946	953
946	968
946	975
946	976
946	982
946	991
946	997
947	81
947	221
947	292
947	356
947	479
947	581
947	620
947	674
947	712
947	713
947	715
947	724
947	736
947	742
947	748
947	752
947	835
947	843
947	879
947	920
947	923
947	943
947	948
947	970
947	979
947	992
947	993
948	104
948	211
948	230
948	301
948	336
948	433
948	453
948	457
948	549
948	558
948	643
948	646
948	712
948	736
948	762
948	811
948	827
948	832
948	835
948	843
948	864
948	869
948	920
948	936
948	947
948	952
948	971
948	993
949	6
949	191
949	197
949	340
949	381
949	413
949	418
949	484
949	523
949	527
949	533
949	711
949	763
949	790
949	794
949	829
949	850
949	861
949	864
949	871
949	878
949	885
949	902
949	907
949	936
949	937
949	961
949	996
950	148
950	163
950	200
950	206
950	244
950	301
950	358
950	368
950	410
950	492
950	583
950	589
950	610
950	614
950	646
950	703
950	753
950	763
950	772
950	783
950	821
950	871
950	902
950	945
950	954
950	987
950	996
950	997
951	10
951	108
951	127
951	343
951	435
951	464
951	478
951	511
951	535
951	588
951	602
951	617
951	667
951	724
951	726
951	765
951	780
951	829
951	836
951	852
951	883
951	969
951	981
951	985
951	990
951	992
951	993
951	994
952	164
952	182
952	222
952	334
952	480
952	496
952	498
952	499
952	559
952	581
952	586
952	620
952	659
952	662
952	736
952	752
952	755
952	804
952	835
952	843
952	846
952	848
952	864
952	877
952	920
952	948
952	962
952	993
953	184
953	222
953	255
953	263
953	333
953	390
953	451
953	453
953	531
953	625
953	667
953	692
953	715
953	743
953	796
953	799
953	802
953	817
953	828
953	865
953	889
953	913
953	919
953	927
953	946
953	964
953	976
953	997
954	82
954	100
954	117
954	294
954	397
954	557
954	571
954	610
954	634
954	641
954	665
954	698
954	739
954	753
954	772
954	821
954	834
954	846
954	896
954	907
954	912
954	920
954	945
954	950
954	975
954	982
954	991
954	1000
955	25
955	64
955	140
955	153
955	173
955	193
955	195
955	225
955	330
955	332
955	389
955	439
955	503
955	649
955	694
955	704
955	720
955	748
955	778
955	861
955	881
955	925
955	930
955	972
955	975
955	988
955	989
955	993
956	44
956	51
956	192
956	298
956	334
956	379
956	383
956	402
956	492
956	584
956	642
956	651
956	656
956	709
956	718
956	768
956	792
956	810
956	815
956	820
956	842
956	849
956	862
956	865
956	874
956	927
956	978
956	987
956	1000
957	106
957	191
957	241
957	350
957	411
957	424
957	430
957	475
957	512
957	513
957	523
957	527
957	611
957	626
957	640
957	753
957	778
957	794
957	829
957	854
957	896
957	902
957	934
957	961
957	968
957	974
957	979
957	985
957	996
958	166
958	167
958	256
958	287
958	307
958	321
958	331
958	376
958	428
958	473
958	554
958	564
958	635
958	638
958	695
958	709
958	724
958	782
958	792
958	810
958	820
958	842
958	847
958	860
958	877
958	901
958	978
958	988
958	998
959	52
959	162
959	243
959	261
959	310
959	324
959	460
959	461
959	586
959	614
959	635
959	638
959	667
959	713
959	767
959	772
959	787
959	813
959	835
959	841
959	868
959	882
959	893
959	909
959	911
959	919
959	964
959	967
959	973
959	989
960	23
960	29
960	49
960	55
960	87
960	221
960	287
960	485
960	523
960	556
960	573
960	589
960	634
960	713
960	725
960	734
960	756
960	811
960	830
960	870
960	877
960	881
960	897
960	898
960	916
960	933
960	944
960	972
960	982
960	996
961	252
961	269
961	430
961	455
961	460
961	509
961	523
961	527
961	544
961	647
961	721
961	739
961	763
961	793
961	794
961	810
961	839
961	854
961	861
961	878
961	880
961	885
961	896
961	902
961	932
961	949
961	957
961	988
961	989
961	996
962	63
962	92
962	110
962	230
962	309
962	322
962	435
962	465
962	520
962	621
962	641
962	687
962	708
962	722
962	745
962	749
962	766
962	789
962	836
962	850
962	860
962	873
962	876
962	887
962	914
962	922
962	926
962	939
962	942
962	952
962	984
963	14
963	54
963	96
963	200
963	260
963	280
963	287
963	331
963	354
963	484
963	506
963	583
963	653
963	661
963	664
963	684
963	693
963	736
963	742
963	753
963	770
963	779
963	845
963	846
963	886
963	895
963	920
963	927
963	929
963	933
963	938
964	3
964	133
964	151
964	154
964	251
964	337
964	459
964	597
964	613
964	662
964	694
964	705
964	767
964	784
964	799
964	813
964	822
964	831
964	850
964	855
964	868
964	893
964	910
964	911
964	930
964	953
964	959
964	975
964	985
964	989
964	991
965	169
965	238
965	372
965	423
965	472
965	478
965	540
965	572
965	574
965	577
965	635
965	668
965	706
965	728
965	735
965	745
965	792
965	816
965	821
965	839
965	862
965	893
965	895
965	928
965	929
965	932
965	980
965	981
965	983
965	996
965	997
966	72
966	80
966	203
966	207
966	264
966	296
966	365
966	398
966	441
966	473
966	474
966	538
966	557
966	622
966	639
966	688
966	693
966	702
966	704
966	730
966	757
966	783
966	791
966	845
966	860
966	867
966	872
966	906
966	980
966	984
966	987
967	98
967	239
967	288
967	337
967	397
967	485
967	549
967	558
967	613
967	626
967	699
967	707
967	807
967	822
967	847
967	872
967	882
967	896
967	911
967	917
967	920
967	941
967	959
967	968
967	970
967	973
967	976
967	979
967	989
967	992
967	994
968	72
968	171
968	229
968	477
968	542
968	550
968	599
968	624
968	636
968	678
968	702
968	742
968	755
968	759
968	769
968	787
968	830
968	875
968	889
968	890
968	903
968	914
968	915
968	937
968	946
968	957
968	967
968	985
968	990
968	998
968	999
969	20
969	114
969	290
969	343
969	353
969	359
969	378
969	392
969	418
969	430
969	498
969	514
969	526
969	589
969	608
969	656
969	703
969	727
969	771
969	778
969	780
969	800
969	802
969	828
969	858
969	883
969	894
969	951
969	985
969	992
969	993
969	997
970	250
970	276
970	352
970	446
970	490
970	542
970	571
970	616
970	618
970	649
970	650
970	659
970	664
970	712
970	736
970	755
970	795
970	797
970	806
970	822
970	843
970	857
970	864
970	909
970	910
970	915
970	920
970	930
970	947
970	967
970	993
970	997
971	17
971	60
971	109
971	133
971	183
971	252
971	424
971	453
971	477
971	516
971	591
971	625
971	641
971	680
971	692
971	751
971	759
971	785
971	795
971	796
971	810
971	839
971	862
971	871
971	872
971	904
971	913
971	919
971	936
971	948
971	976
971	995
972	53
972	64
972	116
972	295
972	307
972	348
972	399
972	432
972	519
972	520
972	721
972	741
972	811
972	816
972	830
972	832
972	852
972	864
972	877
972	890
972	895
972	898
972	908
972	916
972	922
972	924
972	955
972	960
972	977
972	981
972	982
972	983
972	993
972	997
973	45
973	145
973	153
973	156
973	183
973	303
973	315
973	329
973	411
973	417
973	486
973	566
973	607
973	632
973	654
973	687
973	704
973	719
973	720
973	786
973	813
973	822
973	855
973	868
973	872
973	892
973	911
973	959
973	967
973	977
973	979
973	987
973	995
973	1000
974	2
974	21
974	67
974	87
974	145
974	161
974	187
974	209
974	216
974	217
974	226
974	341
974	421
974	422
974	425
974	432
974	469
974	537
974	593
974	607
974	713
974	733
974	735
974	738
974	744
974	851
974	871
974	878
974	880
974	931
974	941
974	957
974	980
974	994
974	997
975	132
975	196
975	248
975	282
975	386
975	415
975	504
975	594
975	602
975	646
975	665
975	738
975	791
975	798
975	832
975	841
975	848
975	850
975	853
975	866
975	876
975	883
975	893
975	896
975	908
975	914
975	917
975	921
975	942
975	946
975	954
975	955
975	964
975	982
975	997
976	60
976	69
976	86
976	107
976	261
976	327
976	328
976	407
976	417
976	477
976	482
976	563
976	610
976	616
976	630
976	663
976	704
976	743
976	783
976	795
976	820
976	826
976	892
976	905
976	919
976	930
976	943
976	946
976	953
976	967
976	971
976	979
976	985
976	986
976	994
977	28
977	45
977	147
977	266
977	302
977	400
977	427
977	524
977	544
977	558
977	572
977	575
977	596
977	605
977	612
977	614
977	683
977	699
977	739
977	776
977	862
977	868
977	872
977	878
977	882
977	906
977	911
977	919
977	926
977	940
977	972
977	973
977	979
977	983
977	994
977	999
978	34
978	219
978	293
978	383
978	492
978	502
978	539
978	554
978	561
978	635
978	642
978	651
978	656
978	665
978	690
978	709
978	755
978	792
978	806
978	810
978	814
978	818
978	820
978	847
978	865
978	901
978	907
978	917
978	918
978	926
978	930
978	956
978	958
978	985
978	998
978	1000
979	5
979	39
979	101
979	136
979	323
979	348
979	433
979	465
979	507
979	533
979	534
979	558
979	572
979	612
979	614
979	649
979	654
979	681
979	687
979	699
979	799
979	813
979	882
979	893
979	899
979	947
979	957
979	967
979	973
979	976
979	977
979	983
979	984
979	988
979	994
979	996
980	12
980	52
980	126
980	131
980	241
980	258
980	336
980	365
980	378
980	482
980	485
980	518
980	556
980	560
980	565
980	608
980	653
980	688
980	714
980	733
980	749
980	754
980	765
980	804
980	810
980	819
980	835
980	841
980	844
980	860
980	863
980	896
980	915
980	965
980	966
980	974
980	992
981	29
981	64
981	85
981	181
981	293
981	299
981	330
981	351
981	372
981	391
981	410
981	423
981	501
981	540
981	545
981	572
981	574
981	644
981	668
981	708
981	728
981	735
981	757
981	815
981	823
981	839
981	847
981	856
981	862
981	865
981	885
981	903
981	919
981	932
981	951
981	965
981	972
981	983
982	40
982	51
982	65
982	122
982	124
982	292
982	348
982	472
982	519
982	618
982	621
982	684
982	709
982	716
982	734
982	776
982	786
982	793
982	798
982	832
982	841
982	848
982	849
982	867
982	876
982	908
982	921
982	933
982	935
982	936
982	939
982	941
982	946
982	954
982	960
982	972
982	975
982	984
983	29
983	44
983	85
983	126
983	168
983	181
983	238
983	294
983	330
983	351
983	372
983	472
983	478
983	501
983	598
983	620
983	644
983	668
983	679
983	728
983	735
983	756
983	760
983	810
983	818
983	824
983	828
983	839
983	862
983	882
983	884
983	921
983	932
983	938
983	965
983	972
983	977
983	979
983	981
983	992
984	138
984	151
984	155
984	212
984	228
984	245
984	284
984	414
984	445
984	508
984	529
984	534
984	582
984	588
984	591
984	692
984	697
984	727
984	729
984	757
984	763
984	801
984	840
984	856
984	859
984	861
984	865
984	877
984	882
984	887
984	896
984	906
984	915
984	944
984	962
984	966
984	979
984	982
984	986
984	999
985	4
985	66
985	105
985	180
985	205
985	343
985	388
985	402
985	509
985	528
985	535
985	585
985	588
985	617
985	683
985	727
985	754
985	760
985	769
985	780
985	810
985	814
985	829
985	835
985	867
985	883
985	894
985	897
985	908
985	912
985	937
985	951
985	957
985	964
985	968
985	969
985	976
985	978
985	988
985	990
985	992
986	119
986	160
986	182
986	207
986	212
986	225
986	308
986	364
986	370
986	508
986	560
986	567
986	582
986	601
986	615
986	654
986	657
986	674
986	680
986	700
986	744
986	748
986	757
986	760
986	765
986	768
986	804
986	811
986	827
986	830
986	837
986	840
986	847
986	859
986	873
986	893
986	906
986	915
986	944
986	976
986	984
986	997
987	12
987	68
987	79
987	253
987	317
987	341
987	398
987	408
987	450
987	500
987	502
987	518
987	556
987	560
987	565
987	580
987	652
987	653
987	656
987	678
987	698
987	716
987	733
987	740
987	764
987	791
987	804
987	819
987	825
987	830
987	844
987	855
987	901
987	913
987	935
987	941
987	950
987	956
987	966
987	973
987	996
987	999
988	7
988	31
988	38
988	96
988	178
988	231
988	248
988	257
988	275
988	305
988	320
988	342
988	360
988	370
988	390
988	410
988	531
988	601
988	670
988	675
988	737
988	771
988	778
988	788
988	790
988	799
988	801
988	803
988	805
988	807
988	816
988	831
988	838
988	893
988	909
988	943
988	955
988	958
988	961
988	979
988	985
988	997
989	23
989	25
989	64
989	69
989	114
989	135
989	140
989	161
989	173
989	195
989	225
989	332
989	389
989	395
989	422
989	439
989	442
989	444
989	474
989	489
989	503
989	527
989	537
989	573
989	694
989	704
989	711
989	732
989	778
989	789
989	838
989	881
989	902
989	907
989	912
989	914
989	919
989	922
989	955
989	959
989	961
989	964
989	967
990	2
990	10
990	37
990	43
990	93
990	114
990	179
990	388
990	397
990	402
990	418
990	435
990	448
990	490
990	526
990	528
990	535
990	543
990	585
990	633
990	640
990	647
990	664
990	683
990	686
990	717
990	726
990	753
990	817
990	836
990	867
990	891
990	894
990	898
990	908
990	916
990	925
990	937
990	942
990	951
990	968
990	985
990	992
991	61
991	129
991	139
991	163
991	199
991	249
991	319
991	341
991	385
991	400
991	443
991	452
991	553
991	559
991	590
991	597
991	598
991	600
991	642
991	694
991	695
991	701
991	706
991	715
991	718
991	719
991	751
991	758
991	777
991	784
991	791
991	802
991	806
991	814
991	826
991	879
991	906
991	910
991	917
991	946
991	954
991	964
991	1000
992	108
992	150
992	165
992	217
992	290
992	329
992	338
992	353
992	373
992	376
992	413
992	414
992	418
992	526
992	535
992	543
992	585
992	649
992	671
992	683
992	689
992	707
992	712
992	754
992	757
992	847
992	864
992	867
992	873
992	883
992	894
992	913
992	918
992	931
992	933
992	947
992	951
992	967
992	969
992	980
992	983
992	985
992	990
992	993
993	13
993	47
993	56
993	66
993	79
993	104
993	198
993	214
993	250
993	277
993	346
993	409
993	428
993	491
993	499
993	565
993	616
993	626
993	638
993	646
993	650
993	659
993	679
993	748
993	752
993	767
993	835
993	843
993	864
993	866
993	883
993	909
993	911
993	920
993	947
993	948
993	951
993	952
993	955
993	969
993	970
993	972
993	992
993	995
994	2
994	13
994	21
994	67
994	75
994	87
994	94
994	102
994	145
994	188
994	210
994	217
994	227
994	342
994	421
994	425
994	432
994	452
994	522
994	593
994	682
994	700
994	704
994	713
994	738
994	742
994	743
994	744
994	764
994	800
994	826
994	851
994	862
994	863
994	866
994	880
994	931
994	951
994	967
994	974
994	976
994	977
994	979
994	999
995	34
995	56
995	67
995	68
995	80
995	176
995	194
995	200
995	218
995	246
995	271
995	284
995	291
995	314
995	426
995	458
995	476
995	481
995	497
995	525
995	528
995	551
995	562
995	576
995	580
995	648
995	661
995	669
995	701
995	716
995	731
995	761
995	793
995	819
995	886
995	889
995	890
995	919
995	923
995	925
995	935
995	941
995	971
995	973
995	993
995	1000
996	1
996	6
996	15
996	70
996	106
996	137
996	203
996	333
996	416
996	462
996	475
996	480
996	513
996	527
996	575
996	586
996	600
996	607
996	611
996	653
996	658
996	660
996	705
996	763
996	792
996	794
996	807
996	829
996	838
996	851
996	864
996	878
996	885
996	891
996	896
996	902
996	929
996	943
996	949
996	950
996	957
996	960
996	961
996	965
996	979
996	987
997	22
997	49
997	83
997	90
997	226
997	241
997	270
997	344
997	345
997	349
997	436
997	471
997	512
997	590
997	602
997	623
997	647
997	660
997	702
997	731
997	766
997	770
997	798
997	828
997	846
997	848
997	852
997	866
997	884
997	888
997	897
997	916
997	921
997	924
997	926
997	936
997	940
997	946
997	950
997	953
997	965
997	969
997	970
997	972
997	974
997	975
997	986
997	988
998	61
998	128
998	143
998	171
998	189
998	199
998	213
998	224
998	246
998	288
998	327
998	377
998	454
998	507
998	509
998	510
998	545
998	576
998	615
998	618
998	628
998	631
998	645
998	696
998	707
998	714
998	734
998	742
998	762
998	815
998	831
998	837
998	844
998	854
998	863
998	867
998	869
998	870
998	884
998	899
998	904
998	914
998	918
998	925
998	958
998	968
998	978
998	999
999	25
999	65
999	110
999	118
999	123
999	155
999	176
999	219
999	254
999	288
999	343
999	371
999	377
999	415
999	450
999	456
999	488
999	515
999	559
999	569
999	578
999	584
999	622
999	624
999	632
999	636
999	639
999	714
999	723
999	742
999	787
999	795
999	815
999	823
999	826
999	831
999	857
999	861
999	863
999	885
999	894
999	899
999	914
999	968
999	977
999	984
999	987
999	994
999	998
1000	97
1000	134
1000	169
1000	189
1000	244
1000	249
1000	299
1000	319
1000	326
1000	341
1000	380
1000	420
1000	423
1000	434
1000	450
1000	466
1000	512
1000	595
1000	597
1000	598
1000	639
1000	646
1000	691
1000	695
1000	706
1000	715
1000	718
1000	751
1000	752
1000	756
1000	758
1000	774
1000	782
1000	800
1000	802
1000	833
1000	855
1000	880
1000	886
1000	909
1000	910
1000	917
1000	919
1000	937
1000	954
1000	956
1000	973
1000	978
1000	991
1000	995
