1	19 
2	14 
3	4 
4	11 
5	15 
6	5 
7	17 
8	6 
9	4 
10	15 
11	6 
12	6 
13	15 
14	16 
15	5 
16	3 
17	19 
18	18 
19	12 
20	13 
21	17 
22	4 
23	15 
24	10 
25	5 
26	9 
27	17 
28	11 
29	7 
30	16 
31	11 
32	14 
33	10 
34	11 
35	7 
36	9 
37	14 
38	18 
39	11 
40	18 
41	14 
42	14 
43	5 
44	15 
45	14 
46	19 
47	9 
48	19 
49	13 
50	15 
51	14 
52	19 
53	15 
54	4 
55	5 
56	4 
57	18 
58	7 
59	8 
60	3 
61	7 
62	17 
63	10 
64	19 
65	15 
66	15 
67	13 
68	11 
69	15 
70	19 
71	5 
72	1 
73	11 
74	19 
75	14 
76	7 
77	4 
78	15 
79	1 
80	14 
81	13 
82	14 
83	15 
84	17 
85	19 
86	16 
87	13 
88	8 
89	11 
90	15 
91	12 
92	13 
93	12 
94	16 
95	12 
96	5 
97	1 
98	16 
99	12 
100	9 
101	10 
102	11 
103	11 
104	15 
105	15 
106	4 
107	5 
108	9 
109	15 
110	18 
111	10 
112	16 
113	12 
114	16 
115	2 
116	16 
117	11 
118	19 
119	18 
120	2 
121	2 
122	19 
123	16 
124	17 
125	11 
126	15 
127	11 
128	16 
129	5 
130	15 
131	14 
132	5 
133	12 
134	16 
135	17 
136	2 
137	11 
138	8 
139	15 
140	5 
141	11 
142	10 
143	17 
144	9 
145	5 
146	18 
147	3 
148	17 
149	13 
150	4 
151	14 
152	2 
153	18 
154	17 
155	8 
156	3 
157	4 
158	14 
159	13 
160	1 
161	6 
162	13 
163	16 
164	17 
165	11 
166	4 
167	5 
168	9 
169	16 
170	12 
171	15 
172	18 
173	17 
174	10 
175	15 
176	9 
177	19 
178	9 
179	13 
180	7 
181	4 
182	5 
183	19 
184	19 
185	1 
186	7 
187	19 
188	14 
189	10 
190	15 
191	9 
192	15 
193	11 
194	11 
195	15 
196	4 
197	3 
198	1 
199	7 
200	11 
201	16 
202	1 
203	4 
204	15 
205	5 
206	4 
207	3 
208	5 
209	14 
210	6 
211	16 
212	15 
213	12 
214	19 
215	19 
216	6 
217	10 
218	15 
219	15 
220	1 
221	16 
222	14 
223	15 
224	11 
225	15 
226	14 
227	15 
228	17 
229	1 
230	9 
231	2 
232	9 
233	4 
234	6 
235	19 
236	14 
237	9 
238	7 
239	4 
240	11 
241	11 
242	8 
243	1 
244	4 
245	19 
246	16 
247	17 
248	10 
249	5 
250	11 
251	13 
252	4 
253	4 
254	16 
255	6 
256	9 
257	3 
258	4 
259	5 
260	9 
261	16 
262	4 
263	5 
264	8 
265	9 
266	8 
267	1 
268	16 
269	4 
270	15 
271	5 
272	12 
273	11 
274	19 
275	19 
276	13 
277	11 
278	9 
279	5 
280	7 
281	5 
282	4 
283	15 
284	19 
285	17 
286	9 
287	11 
288	17 
289	5 
290	19 
291	9 
292	17 
293	6 
294	7 
295	17 
296	6 
297	9 
298	7 
299	15 
300	5 
301	12 
302	17 
303	17 
304	1 
305	7 
306	15 
307	3 
308	13 
309	13 
310	19 
311	1 
312	5 
313	18 
314	5 
315	16 
316	3 
317	4 
318	9 
319	17 
320	6 
321	12 
322	1 
323	19 
324	17 
325	9 
326	11 
327	14 
328	4 
329	11 
330	18 
331	16 
332	12 
333	5 
334	14 
335	11 
336	19 
337	6 
338	12 
339	14 
340	7 
341	19 
342	18 
343	2 
344	6 
345	17 
346	17 
347	11 
348	1 
349	12 
350	9 
351	11 
352	5 
353	11 
354	17 
355	11 
356	11 
357	15 
358	1 
359	4 
360	4 
361	9 
362	19 
363	11 
364	12 
365	15 
366	7 
367	16 
368	13 
369	19 
370	9 
371	10 
372	19 
373	7 
374	4 
375	15 
376	17 
377	14 
378	7 
379	17 
380	17 
381	17 
382	3 
383	16 
384	7 
385	19 
386	15 
387	16 
388	6 
389	17 
390	18 
391	6 
392	15 
393	18 
394	14 
395	5 
396	11 
397	5 
398	3 
399	17 
400	11 
401	16 
402	4 
403	11 
404	12 
405	7 
406	5 
407	15 
408	3 
409	16 
410	19 
411	11 
412	4 
413	10 
414	3 
415	16 
416	14 
417	9 
418	16 
419	5 
420	6 
421	15 
422	9 
423	14 
424	9 
425	17 
426	19 
427	1 
428	15 
429	19 
430	7 
431	4 
432	7 
433	19 
434	6 
435	3 
436	15 
437	17 
438	14 
439	12 
440	11 
441	18 
442	15 
443	19 
444	11 
445	19 
446	1 
447	11 
448	7 
449	2 
450	17 
451	5 
452	17 
453	15 
454	17 
455	11 
456	5 
457	8 
458	19 
459	15 
460	11 
461	11 
462	4 
463	8 
464	10 
465	5 
466	4 
467	18 
468	15 
469	6 
470	9 
471	11 
472	10 
473	2 
474	8 
475	2 
476	12 
477	11 
478	17 
479	2 
480	13 
481	7 
482	14 
483	2 
484	15 
485	14 
486	11 
487	12 
488	19 
489	19 
490	5 
491	7 
492	17 
493	18 
494	9 
495	5 
496	9 
497	18 
498	4 
499	16 
500	7 
501	4 
502	15 
503	14 
504	14 
505	11 
506	7 
507	14 
508	19 
509	18 
510	19 
511	5 
512	17 
513	8 
514	2 
515	4 
516	17 
517	4 
518	5 
519	3 
520	4 
521	15 
522	18 
523	3 
524	16 
525	10 
526	15 
527	11 
528	8 
529	3 
530	1 
531	6 
532	5 
533	7 
534	19 
535	9 
536	11 
537	3 
538	17 
539	15 
540	11 
541	2 
542	1 
543	14 
544	17 
545	5 
546	5 
547	18 
548	17 
549	14 
550	1 
551	19 
552	14 
553	7 
554	17 
555	9 
556	19 
557	4 
558	16 
559	17 
560	14 
561	17 
562	4 
563	6 
564	7 
565	4 
566	9 
567	15 
568	19 
569	12 
570	8 
571	4 
572	16 
573	17 
574	15 
575	19 
576	15 
577	17 
578	18 
579	4 
580	4 
581	15 
582	13 
583	7 
584	5 
585	15 
586	9 
587	7 
588	14 
589	19 
590	16 
591	17 
592	16 
593	15 
594	19 
595	9 
596	17 
597	13 
598	14 
599	7 
600	11 
601	1 
602	9 
603	19 
604	15 
605	4 
606	15 
607	18 
608	9 
609	17 
610	16 
611	12 
612	15 
613	4 
614	17 
615	19 
616	7 
617	16 
618	5 
619	17 
620	7 
621	17 
622	15 
623	17 
624	18 
625	5 
626	9 
627	3 
628	15 
629	18 
630	11 
631	19 
632	19 
633	4 
634	16 
635	5 
636	14 
637	19 
638	18 
639	3 
640	8 
641	15 
642	1 
643	5 
644	5 
645	15 
646	15 
647	11 
648	11 
649	11 
650	5 
651	5 
652	18 
653	4 
654	19 
655	14 
656	4 
657	7 
658	6 
659	11 
660	11 
661	7 
662	7 
663	6 
664	5 
665	17 
666	17 
667	15 
668	9 
669	11 
670	1 
671	11 
672	7 
673	12 
674	16 
675	7 
676	1 
677	2 
678	7 
679	11 
680	15 
681	13 
682	17 
683	4 
684	8 
685	9 
686	19 
687	3 
688	15 
689	9 
690	19 
691	16 
692	1 
693	11 
694	14 
695	13 
696	19 
697	19 
698	2 
699	15 
700	19 
701	19 
702	16 
703	17 
704	10 
705	15 
706	1 
707	19 
708	19 
709	17 
710	11 
711	7 
712	14 
713	18 
714	9 
715	17 
716	17 
717	10 
718	1 
719	18 
720	1 
721	18 
722	18 
723	5 
724	11 
725	15 
726	12 
727	5 
728	10 
729	9 
730	17 
731	13 
732	10 
733	19 
734	6 
735	12 
736	17 
737	11 
738	17 
739	2 
740	5 
741	4 
742	14 
743	12 
744	5 
745	15 
746	1 
747	9 
748	3 
749	15 
750	19 
751	12 
752	5 
753	4 
754	19 
755	14 
756	8 
757	6 
758	14 
759	18 
760	4 
761	15 
762	14 
763	14 
764	4 
765	12 
766	19 
767	2 
768	19 
769	12 
770	9 
771	18 
772	8 
773	2 
774	14 
775	11 
776	9 
777	16 
778	18 
779	5 
780	4 
781	8 
782	2 
783	14 
784	16 
785	11 
786	3 
787	18 
788	3 
789	1 
790	15 
791	4 
792	5 
793	9 
794	17 
795	16 
796	5 
797	18 
798	17 
799	14 
800	13 
801	10 
802	17 
803	11 
804	1 
805	15 
806	19 
807	16 
808	4 
809	16 
810	12 
811	15 
812	17 
813	11 
814	17 
815	9 
816	4 
817	5 
818	12 
819	19 
820	9 
821	18 
822	5 
823	17 
824	15 
825	16 
826	4 
827	3 
828	4 
829	9 
830	17 
831	4 
832	6 
833	15 
834	14 
835	14 
836	18 
837	13 
838	15 
839	3 
840	19 
841	5 
842	15 
843	17 
844	17 
845	1 
846	19 
847	11 
848	5 
849	15 
850	4 
851	6 
852	5 
853	16 
854	16 
855	14 
856	9 
857	9 
858	11 
859	4 
860	4 
861	18 
862	15 
863	17 
864	17 
865	7 
866	3 
867	7 
868	15 
869	7 
870	15 
871	7 
872	9 
873	1 
874	15 
875	7 
876	3 
877	14 
878	11 
879	7 
880	19 
881	19 
882	15 
883	11 
884	8 
885	8 
886	12 
887	4 
888	18 
889	10 
890	13 
891	4 
892	19 
893	5 
894	16 
895	9 
896	2 
897	7 
898	6 
899	19 
900	5 
901	15 
902	5 
903	17 
904	5 
905	16 
906	4 
907	15 
908	5 
909	4 
910	16 
911	11 
912	9 
913	6 
914	17 
915	5 
916	12 
917	16 
918	7 
919	19 
920	15 
921	5 
922	16 
923	18 
924	12 
925	6 
926	19 
927	14 
928	9 
929	15 
930	19 
931	15 
932	12 
933	16 
934	19 
935	3 
936	13 
937	3 
938	5 
939	5 
940	9 
941	16 
942	7 
943	12 
944	5 
945	15 
946	4 
947	5 
948	16 
949	8 
950	16 
951	4 
952	17 
953	6 
954	13 
955	5 
956	9 
957	11 
958	8 
959	14 
960	7 
961	5 
962	6 
963	15 
964	1 
965	1 
966	12 
967	11 
968	12 
969	18 
970	7 
971	17 
972	13 
973	18 
974	5 
975	11 
976	15 
977	19 
978	15 
979	7 
980	11 
981	5 
982	14 
983	16 
984	4 
985	12 
986	7 
987	7 
988	9 
989	18 
990	6 
991	11 
992	5 
993	19 
994	4 
995	14 
996	1 
997	16 
998	14 
999	7 
1000	5 
