1	131
1	897
1	956
1	984
2	178
2	407
2	666
2	950
3	440
3	835
3	844
3	957
4	136
4	800
4	942
4	994
5	685
5	863
5	901
5	987
6	351
6	416
6	807
6	925
7	202
7	846
7	947
7	989
8	386
8	543
8	590
8	790
9	211
9	799
9	872
9	966
10	48
10	119
10	345
10	977
11	81
11	406
11	679
11	974
12	417
12	592
12	740
12	974
13	644
13	677
13	828
13	861
14	160
14	425
14	713
14	985
15	42
15	52
15	164
15	414
16	178
16	886
16	930
16	998
17	834
17	866
17	992
17	994
18	82
18	377
18	859
18	959
19	74
19	752
19	978
19	984
20	487
20	569
20	915
20	989
21	732
21	873
21	957
21	988
22	447
22	547
22	887
22	944
23	198
23	483
23	892
23	961
24	757
24	915
24	979
24	992
25	849
25	877
25	935
25	974
26	266
26	915
26	934
26	992
27	278
27	298
27	691
27	922
28	159
28	276
28	356
28	769
29	554
29	783
29	969
29	998
30	225
30	859
30	969
30	982
31	115
31	721
31	883
31	964
32	655
32	750
32	767
32	844
33	901
33	902
33	907
33	992
34	459
34	665
34	835
34	984
35	144
35	493
35	533
35	912
36	184
36	451
36	480
36	809
37	395
37	446
37	793
37	920
38	123
38	173
38	584
38	968
39	81
39	605
39	718
39	829
40	174
40	762
40	834
40	995
41	147
41	838
41	858
41	907
42	15
42	369
42	716
42	929
43	381
43	678
43	958
43	998
44	249
44	462
44	748
44	856
45	741
45	952
45	982
45	992
46	408
46	691
46	903
46	959
47	446
47	507
47	761
47	924
48	10
48	654
48	733
48	948
49	174
49	729
49	885
49	927
50	727
50	801
50	928
50	973
51	220
51	681
51	964
51	994
52	15
52	83
52	232
52	857
53	741
53	818
53	940
53	982
54	534
54	771
54	899
54	990
55	131
55	656
55	915
55	932
56	630
56	791
56	990
56	998
57	208
57	467
57	661
57	955
58	383
58	543
58	764
58	957
59	121
59	287
59	755
59	948
60	414
60	474
60	558
60	724
61	111
61	232
61	918
61	955
62	258
62	733
62	781
62	963
63	335
63	755
63	905
63	909
64	84
64	243
64	798
64	823
65	104
65	733
65	787
65	937
66	570
66	870
66	946
66	973
67	823
67	834
67	869
67	982
68	803
68	866
68	888
68	997
69	697
69	887
69	948
69	975
70	195
70	283
70	977
70	983
71	615
71	781
71	969
71	998
72	187
72	235
72	823
72	884
73	388
73	546
73	962
73	969
74	19
74	189
74	888
74	995
75	789
75	903
75	963
75	978
76	612
76	613
76	837
76	964
77	834
77	972
77	995
77	1000
78	609
78	614
78	915
78	992
79	336
79	813
79	967
79	993
80	340
80	839
80	896
80	923
81	11
81	39
81	712
81	917
82	18
82	719
82	940
82	976
83	52
83	526
83	811
83	868
84	64
84	848
84	855
84	959
85	289
85	467
85	615
85	722
86	490
86	497
86	861
86	930
87	233
87	574
87	787
87	987
88	569
88	773
88	940
88	951
89	155
89	266
89	686
89	722
90	864
90	890
90	925
90	951
91	646
91	828
91	935
91	996
92	421
92	518
92	909
92	954
93	449
93	543
93	797
93	940
94	743
94	783
94	960
94	983
95	582
95	685
95	910
95	980
96	129
96	629
96	956
96	964
97	599
97	948
97	955
97	979
98	496
98	713
98	924
98	995
99	628
99	893
99	911
99	958
100	390
100	691
100	806
100	952
101	432
101	741
101	946
101	964
102	243
102	574
102	913
102	975
103	177
103	950
103	954
103	992
104	65
104	883
104	937
104	959
105	242
105	499
105	611
105	953
106	137
106	700
106	849
106	976
107	503
107	604
107	793
107	911
108	469
108	780
108	803
108	907
109	861
109	902
109	989
109	992
110	393
110	456
110	715
110	932
111	61
111	406
111	798
111	881
112	751
112	905
112	916
112	979
113	280
113	715
113	915
113	958
114	811
114	836
114	852
114	886
115	31
115	433
115	837
115	926
116	410
116	496
116	818
116	975
117	583
117	692
117	844
117	885
118	983
118	991
118	996
118	998
119	10
119	197
119	687
119	942
120	271
120	540
120	970
120	971
121	59
121	585
121	908
121	954
122	581
122	625
122	935
122	971
123	38
123	362
123	839
123	890
124	541
124	860
124	970
124	1000
125	586
125	684
125	845
125	940
126	719
126	842
126	845
126	1000
127	489
127	780
127	959
127	979
128	223
128	932
128	957
128	994
129	96
129	860
129	874
129	972
130	392
130	521
130	915
130	998
131	1
131	55
131	914
131	937
132	785
132	913
132	963
132	998
133	287
133	432
133	704
133	914
134	391
134	792
134	848
134	987
135	653
135	776
135	948
135	989
136	4
136	366
136	664
136	996
137	106
137	807
137	817
137	848
138	628
138	812
138	894
138	995
139	406
139	709
139	769
139	971
140	530
140	673
140	731
140	796
141	702
141	728
141	976
141	993
142	226
142	354
142	426
142	904
143	299
143	413
143	427
143	998
144	35
144	188
144	226
144	885
145	595
145	804
145	867
145	994
146	345
146	839
146	869
146	991
147	41
147	807
147	824
147	953
148	265
148	769
148	896
148	996
149	452
149	580
149	594
149	896
150	886
150	914
150	923
150	967
151	560
151	906
151	966
151	996
152	809
152	910
152	913
152	977
153	421
153	818
153	940
153	959
154	790
154	941
154	964
154	978
155	89
155	329
155	416
155	815
156	753
156	797
156	854
156	994
157	548
157	775
157	879
157	978
158	340
158	876
158	918
158	987
159	28
159	323
159	625
159	980
160	14
160	926
160	971
160	995
161	502
161	673
161	845
161	921
162	255
162	837
162	853
162	940
163	346
163	387
163	647
163	776
164	15
164	405
164	907
164	936
165	183
165	895
165	917
165	972
166	408
166	586
166	773
166	927
167	699
167	800
167	978
167	987
168	726
168	763
168	789
168	925
169	295
169	379
169	678
169	986
170	488
170	741
170	848
170	946
171	750
171	830
171	985
171	996
172	241
172	431
172	598
172	918
173	38
173	503
173	714
173	930
174	40
174	49
174	822
174	986
175	495
175	588
175	924
175	962
176	425
176	619
176	785
176	872
177	103
177	716
177	902
177	904
178	2
178	16
178	764
178	819
179	402
179	676
179	892
179	961
180	364
180	694
180	931
180	953
181	263
181	589
181	813
181	963
182	749
182	913
182	919
182	998
183	165
183	757
183	956
183	995
184	36
184	405
184	989
184	993
185	258
185	815
185	908
185	938
186	684
186	851
186	940
186	992
187	72
187	639
187	867
187	987
188	144
188	692
188	891
188	962
189	74
189	247
189	897
189	922
190	557
190	634
190	673
190	719
191	596
191	624
191	790
191	792
192	326
192	597
192	609
192	826
193	625
193	711
193	741
193	956
194	261
194	702
194	713
194	723
195	70
195	304
195	482
195	987
196	404
196	521
196	970
196	984
197	119
197	313
197	926
197	977
198	23
198	618
198	747
198	949
199	418
199	826
199	924
199	939
200	503
200	560
200	696
200	997
201	227
201	434
201	732
201	953
202	7
202	360
202	809
202	977
203	396
203	740
203	897
203	994
204	251
204	944
204	946
204	976
205	511
205	822
205	926
205	933
206	601
206	606
206	900
206	991
207	228
207	960
207	986
207	991
208	57
208	617
208	852
208	910
209	338
209	724
209	950
209	997
210	688
210	891
210	974
210	975
211	9
211	562
211	591
211	993
212	490
212	803
212	839
212	949
213	768
213	784
213	881
213	986
214	674
214	876
214	949
214	974
215	376
215	761
215	803
215	832
216	499
216	647
216	935
216	952
217	672
217	736
217	758
217	783
218	224
218	670
218	791
218	822
219	356
219	509
219	965
219	999
220	51
220	781
220	872
220	943
221	263
221	827
221	920
221	968
222	467
222	854
222	910
222	982
223	128
223	248
223	496
223	946
224	218
224	516
224	904
224	992
225	30
225	847
225	866
225	884
226	142
226	144
226	564
226	957
227	201
227	363
227	863
227	876
228	207
228	926
228	948
228	985
229	952
229	957
229	958
229	961
230	565
230	962
230	964
230	996
231	522
231	584
231	588
231	980
232	52
232	61
232	605
232	862
232	957
233	87
233	802
233	810
233	917
233	987
234	533
234	650
234	864
234	935
234	976
235	72
235	729
235	755
235	789
235	952
236	326
236	617
236	782
236	860
236	1000
237	462
237	812
237	909
237	967
237	968
238	733
238	739
238	937
238	961
238	966
239	686
239	918
239	947
239	952
239	989
240	573
240	779
240	860
240	967
240	993
241	172
241	254
241	296
241	350
241	939
242	105
242	434
242	710
242	926
242	967
243	64
243	102
243	918
243	962
243	973
244	532
244	535
244	671
244	674
244	830
245	354
245	489
245	549
245	915
245	992
246	254
246	411
246	873
246	950
246	984
247	189
247	679
247	842
247	895
247	999
248	223
248	740
248	751
248	980
248	991
249	44
249	904
249	926
249	948
249	949
250	549
250	942
250	963
250	981
250	999
251	204
251	458
251	934
251	935
251	997
252	288
252	413
252	885
252	933
252	946
253	501
253	641
253	654
253	873
253	943
254	241
254	246
254	855
254	890
254	956
255	162
255	565
255	574
255	768
255	924
256	813
256	944
256	947
256	953
256	997
257	449
257	651
257	673
257	940
257	978
258	62
258	185
258	490
258	865
258	955
259	593
259	967
259	968
259	983
259	993
260	788
260	836
260	919
260	946
260	990
261	194
261	431
261	721
261	787
261	990
262	385
262	627
262	693
262	784
262	978
263	181
263	221
263	900
263	924
263	993
264	739
264	773
264	967
264	994
264	999
265	148
265	578
265	953
265	955
265	976
266	26
266	89
266	851
266	856
266	924
267	368
267	692
267	708
267	746
267	986
268	494
268	541
268	594
268	880
268	942
269	465
269	571
269	833
269	852
269	977
270	380
270	584
270	727
270	774
270	959
271	120
271	381
271	629
271	786
271	956
272	278
272	894
272	943
272	954
272	969
273	360
273	775
273	900
273	914
273	922
274	310
274	702
274	712
274	931
274	983
275	398
275	566
275	635
275	763
275	986
276	28
276	711
276	822
276	906
276	948
277	824
277	967
277	970
277	993
277	999
278	27
278	272
278	498
278	564
278	993
279	320
279	555
279	595
279	891
279	900
280	113
280	450
280	795
280	816
280	891
281	765
281	864
281	980
281	990
281	998
282	382
282	604
282	649
282	723
282	974
283	70
283	432
283	944
283	974
283	996
284	341
284	910
284	915
284	977
284	999
285	748
285	757
285	785
285	894
285	929
286	519
286	594
286	960
286	965
286	981
287	59
287	133
287	468
287	789
287	913
288	252
288	520
288	877
288	949
288	999
289	85
289	729
289	910
289	924
289	977
290	490
290	606
290	904
290	932
290	979
291	525
291	901
291	936
291	955
291	966
292	326
292	617
292	976
292	992
292	998
293	317
293	572
293	842
293	843
293	928
294	328
294	799
294	831
294	847
294	896
295	169
295	774
295	836
295	925
295	953
296	241
296	310
296	400
296	430
296	922
297	651
297	894
297	973
297	994
297	999
298	27
298	358
298	776
298	896
298	987
299	143
299	609
299	730
299	948
299	973
300	350
300	627
300	905
300	966
300	983
301	357
301	675
301	878
301	879
301	968
302	337
302	767
302	919
302	966
302	996
303	316
303	524
303	594
303	664
303	962
304	195
304	516
304	740
304	784
304	803
305	868
305	895
305	947
305	989
305	996
306	342
306	511
306	543
306	704
306	894
307	399
307	707
307	796
307	940
307	954
308	837
308	930
308	941
308	945
308	964
309	742
309	947
309	960
309	989
309	993
310	274
310	296
310	430
310	806
310	971
311	424
311	492
311	908
311	910
311	977
312	448
312	606
312	628
312	792
312	865
313	197
313	399
313	873
313	934
313	988
314	434
314	579
314	735
314	776
314	910
315	535
315	646
315	719
315	856
315	894
316	303
316	695
316	712
316	732
316	772
317	293
317	424
317	865
317	957
317	971
318	945
318	959
318	977
318	980
318	994
319	704
319	835
319	842
319	878
319	961
320	279
320	723
320	900
320	945
320	988
321	585
321	590
321	624
321	960
321	988
322	391
322	445
322	570
322	877
322	885
323	159
323	486
323	613
323	817
323	973
324	634
324	764
324	878
324	961
324	964
325	439
325	660
325	754
325	816
325	933
326	192
326	236
326	292
326	937
326	939
327	518
327	578
327	836
327	890
327	935
328	294
328	568
328	886
328	903
328	914
329	155
329	673
329	777
329	914
329	957
330	385
330	398
330	767
330	939
330	1000
331	500
331	627
331	650
331	928
331	938
332	397
332	436
332	873
332	891
332	992
333	457
333	570
333	617
333	622
333	832
334	575
334	784
334	861
334	881
334	917
335	63
335	459
335	785
335	923
335	984
336	79
336	417
336	519
336	668
336	993
337	302
337	697
337	803
337	900
337	966
338	209
338	509
338	970
338	991
338	996
339	406
339	869
339	945
339	971
339	975
340	80
340	158
340	389
340	973
340	994
341	284
341	506
341	809
341	858
341	943
342	306
342	344
342	836
342	845
342	925
343	777
343	898
343	902
343	930
343	938
344	342
344	512
344	810
344	894
344	943
345	10
345	146
345	407
345	823
345	950
346	163
346	612
346	825
346	925
346	984
347	739
347	852
347	951
347	962
347	977
348	498
348	736
348	782
348	808
348	809
349	742
349	845
349	895
349	968
349	982
350	241
350	300
350	821
350	955
350	966
351	6
351	907
351	953
351	962
351	967
352	428
352	776
352	912
352	951
352	986
353	889
353	940
353	961
353	964
353	994
354	142
354	245
354	362
354	797
354	901
355	418
355	548
355	878
355	968
355	974
356	28
356	219
356	781
356	923
356	984
357	301
357	469
357	591
357	790
357	818
358	298
358	363
358	638
358	731
358	916
359	395
359	553
359	663
359	918
359	937
360	202
360	273
360	524
360	926
360	991
361	461
361	565
361	634
361	937
361	994
362	123
362	354
362	400
362	985
362	997
363	227
363	358
363	711
363	970
363	986
364	180
364	438
364	473
364	841
364	881
365	553
365	921
365	934
365	954
365	961
366	136
366	548
366	865
366	958
366	986
367	680
367	730
367	773
367	829
367	1000
368	267
368	494
368	914
368	969
368	978
369	42
369	459
369	546
369	792
369	831
370	596
370	791
370	923
370	934
370	979
371	613
371	787
371	810
371	845
371	967
372	460
372	706
372	717
372	854
372	856
373	455
373	709
373	920
373	949
373	982
374	601
374	714
374	908
374	957
374	988
375	941
375	946
375	947
375	969
375	988
376	215
376	392
376	694
376	804
376	990
377	18
377	511
377	577
377	813
377	949
378	560
378	835
378	944
378	962
378	992
379	169
379	875
379	931
379	987
379	997
380	270
380	679
380	869
380	930
380	982
381	43
381	271
381	537
381	567
381	843
381	920
382	282
382	540
382	568
382	813
382	857
382	974
383	58
383	795
383	856
383	910
383	956
383	977
384	733
384	788
384	835
384	850
384	969
384	971
385	262
385	330
385	388
385	531
385	729
385	888
386	8
386	576
386	871
386	939
386	942
386	955
387	163
387	452
387	561
387	779
387	805
387	907
388	73
388	385
388	667
388	758
388	783
388	821
389	340
389	887
389	945
389	946
389	962
389	975
390	100
390	593
390	905
390	935
390	952
390	961
391	134
391	322
391	653
391	765
391	795
391	899
392	130
392	376
392	890
392	904
392	990
392	992
393	110
393	652
393	824
393	836
393	846
393	882
394	450
394	691
394	789
394	840
394	944
394	997
395	37
395	359
395	753
395	768
395	914
395	925
396	203
396	531
396	623
396	696
396	736
396	755
397	332
397	668
397	955
397	975
397	995
397	999
398	275
398	330
398	893
398	951
398	977
398	988
399	307
399	313
399	708
399	735
399	773
399	958
400	296
400	362
400	688
400	817
400	942
400	981
401	695
401	716
401	847
401	853
401	981
401	988
402	179
402	433
402	636
402	813
402	911
402	998
403	571
403	744
403	770
403	913
403	990
403	998
404	196
404	547
404	633
404	858
404	946
404	974
405	164
405	184
405	826
405	909
405	980
405	999
406	11
406	111
406	139
406	339
406	923
406	993
407	2
407	345
407	489
407	629
407	879
407	930
408	46
408	166
408	687
408	744
408	888
408	927
409	681
409	790
409	895
409	934
409	963
409	980
410	116
410	532
410	627
410	778
410	948
410	994
411	246
411	603
411	635
411	905
411	931
411	979
412	752
412	874
412	927
412	947
412	952
412	978
413	143
413	252
413	524
413	684
413	936
413	993
414	15
414	60
414	637
414	756
414	959
414	963
415	552
415	669
415	878
415	948
415	960
415	964
416	6
416	155
416	593
416	867
416	905
416	987
417	12
417	336
417	850
417	887
417	921
417	931
418	199
418	355
418	497
418	772
418	869
418	923
419	436
419	682
419	899
419	902
419	992
419	995
420	626
420	761
420	863
420	926
420	943
420	988
421	92
421	153
421	707
421	773
421	885
421	991
422	687
422	765
422	800
422	820
422	927
422	964
423	516
423	608
423	671
423	880
423	910
423	977
424	311
424	317
424	778
424	873
424	886
424	922
425	14
425	176
425	561
425	598
425	927
425	983
426	142
426	609
426	723
426	746
426	969
426	970
427	143
427	658
427	771
427	804
427	993
427	996
428	352
428	825
428	877
428	890
428	927
428	951
429	578
429	795
429	838
429	905
429	975
429	979
430	296
430	310
430	751
430	907
430	924
430	981
431	172
431	261
431	660
431	950
431	963
431	996
432	101
432	133
432	283
432	974
432	987
432	994
433	115
433	402
433	651
433	708
433	827
433	982
434	201
434	242
434	314
434	728
434	941
434	1000
435	466
435	540
435	786
435	812
435	871
435	923
436	332
436	419
436	536
436	870
436	904
436	992
437	440
437	876
437	889
437	933
437	936
437	942
438	364
438	654
438	687
438	785
438	825
438	991
439	325
439	448
439	608
439	780
439	901
439	949
440	3
440	437
440	803
440	814
440	933
440	963
441	928
441	932
441	944
441	969
441	980
441	995
442	770
442	840
442	933
442	954
442	960
442	986
443	604
443	914
443	936
443	981
443	988
443	990
444	455
444	497
444	756
444	827
444	936
444	966
445	322
445	501
445	582
445	775
445	823
445	888
446	37
446	47
446	533
446	698
446	866
446	930
447	22
447	779
447	887
447	950
447	966
447	997
448	312
448	439
448	859
448	931
448	960
448	979
449	93
449	257
449	521
449	796
449	940
449	954
450	280
450	394
450	684
450	779
450	857
450	874
451	36
451	809
451	923
451	932
451	977
451	989
452	149
452	387
452	843
452	884
452	979
452	983
453	536
453	607
453	721
453	919
453	921
453	976
454	496
454	534
454	626
454	797
454	949
454	998
455	373
455	444
455	496
455	903
455	920
455	950
456	110
456	777
456	853
456	893
456	895
456	902
457	333
457	522
457	614
457	765
457	815
457	998
458	251
458	657
458	793
458	875
458	974
458	987
459	34
459	335
459	369
459	520
459	901
459	933
460	372
460	611
460	749
460	784
460	786
460	840
461	361
461	727
461	840
461	882
461	935
461	939
462	44
462	237
462	603
462	722
462	903
462	991
463	475
463	647
463	825
463	904
463	972
463	999
464	589
464	724
464	774
464	797
464	810
464	919
465	269
465	799
465	868
465	921
465	954
465	993
466	435
466	484
466	899
466	919
466	922
466	959
467	57
467	85
467	222
467	710
467	852
467	911
468	287
468	615
468	716
468	734
468	804
468	996
469	108
469	357
469	500
469	624
469	638
469	754
470	606
470	640
470	652
470	874
470	877
470	984
471	527
471	817
471	834
471	973
471	999
471	1000
472	596
472	904
472	915
472	920
472	927
472	992
473	364
473	668
473	817
473	825
473	844
473	903
474	60
474	672
474	689
474	816
474	841
474	877
475	463
475	538
475	906
475	920
475	924
475	928
476	485
476	559
476	580
476	920
476	930
476	968
477	797
477	854
477	898
477	938
477	973
477	980
478	765
478	817
478	862
478	956
478	983
478	996
479	784
479	843
479	878
479	879
479	960
479	968
480	36
480	819
480	821
480	897
480	945
480	951
481	546
481	639
481	819
481	852
481	951
481	992
482	195
482	516
482	810
482	818
482	876
482	986
483	23
483	535
483	860
483	862
483	949
483	957
484	466
484	505
484	574
484	990
484	998
484	999
485	476
485	837
485	889
485	961
485	964
485	990
486	323
486	743
486	800
486	945
486	955
486	986
487	20
487	725
487	769
487	902
487	992
487	993
488	170
488	705
488	742
488	898
488	961
488	964
489	127
489	245
489	407
489	733
489	766
489	992
490	86
490	212
490	258
490	290
490	897
490	975
491	625
491	672
491	689
491	704
491	805
491	986
492	311
492	747
492	780
492	833
492	855
492	905
493	35
493	652
493	801
493	823
493	924
493	965
494	268
494	368
494	637
494	867
494	885
494	978
495	175
495	515
495	788
495	924
495	972
495	985
496	98
496	116
496	223
496	454
496	455
496	844
496	979
497	86
497	418
497	444
497	802
497	908
497	984
497	987
498	278
498	348
498	517
498	587
498	926
498	936
498	995
499	105
499	216
499	539
499	920
499	941
499	946
499	964
500	331
500	469
500	607
500	743
500	854
500	861
500	989
501	253
501	445
501	587
501	937
501	962
501	996
501	1000
502	161
502	790
502	890
502	912
502	939
502	951
502	981
503	107
503	173
503	200
503	810
503	854
503	906
503	939
504	819
504	923
504	962
504	965
504	994
504	996
504	1000
505	484
505	656
505	668
505	742
505	848
505	863
505	983
506	341
506	524
506	560
506	838
506	852
506	965
506	977
507	47
507	662
507	747
507	922
507	924
507	997
507	1000
508	872
508	889
508	940
508	946
508	964
508	979
508	984
509	219
509	338
509	626
509	937
509	941
509	972
509	989
510	589
510	643
510	715
510	747
510	918
510	934
510	993
511	205
511	306
511	377
511	649
511	816
511	846
511	987
512	344
512	679
512	770
512	843
512	862
512	953
512	996
513	607
513	681
513	827
513	887
513	973
513	975
513	984
514	643
514	671
514	682
514	688
514	737
514	809
514	977
515	495
515	920
515	928
515	972
515	990
515	991
515	1000
516	224
516	304
516	423
516	482
516	597
516	691
516	987
517	498
517	790
517	890
517	912
517	978
517	990
517	991
518	92
518	327
518	821
518	899
518	912
518	951
518	982
519	286
519	336
519	582
519	883
519	896
519	912
519	947
520	288
520	459
520	851
520	894
520	895
520	901
520	991
521	130
521	196
521	449
521	805
521	929
521	987
521	997
522	231
522	457
522	780
522	789
522	840
522	908
522	998
523	577
523	649
523	849
523	889
523	968
523	974
523	994
524	303
524	360
524	413
524	506
524	667
524	696
524	972
525	291
525	573
525	717
525	841
525	899
525	907
525	968
526	83
526	775
526	810
526	828
526	875
526	876
526	896
527	471
527	675
527	831
527	879
527	884
527	950
527	971
528	654
528	750
528	820
528	844
528	890
528	955
528	958
529	690
529	791
529	803
529	808
529	862
529	973
529	980
530	140
530	666
530	724
530	765
530	887
530	965
530	966
531	385
531	396
531	576
531	784
531	789
531	970
531	992
532	244
532	410
532	561
532	764
532	795
532	910
532	994
533	35
533	234
533	446
533	859
533	872
533	884
533	963
534	54
534	454
534	746
534	781
534	902
534	937
534	943
535	244
535	315
535	483
535	703
535	888
535	942
535	949
536	436
536	453
536	618
536	678
536	911
536	976
536	990
537	381
537	641
537	725
537	786
537	802
537	856
537	949
538	475
538	803
538	832
538	899
538	957
538	976
538	990
539	499
539	892
539	941
539	946
539	952
539	978
539	989
540	120
540	382
540	435
540	786
540	812
540	853
540	938
541	124
541	268
541	598
541	700
541	830
541	985
541	986
542	592
542	764
542	795
542	848
542	861
542	977
542	990
543	8
543	58
543	93
543	306
543	787
543	848
543	890
544	545
544	827
544	866
544	939
544	952
544	986
544	994
545	544
545	672
545	716
545	951
545	952
545	995
545	997
546	73
546	369
546	481
546	554
546	564
546	818
546	944
547	22
547	404
547	750
547	817
547	876
547	912
547	966
548	157
548	355
548	366
548	612
548	650
548	686
548	961
549	245
549	250
549	758
549	819
549	821
549	912
549	1000
550	624
550	730
550	778
550	921
550	939
550	986
550	1000
551	708
551	717
551	722
551	852
551	869
551	968
551	997
552	415
552	565
552	699
552	700
552	903
552	980
552	994
553	359
553	365
553	901
553	970
553	977
553	991
553	1000
554	29
554	546
554	559
554	811
554	818
554	819
554	831
555	279
555	658
555	778
555	856
555	943
555	990
555	1000
556	744
556	871
556	908
556	919
556	988
556	990
556	998
557	190
557	761
557	770
557	796
557	845
557	940
557	964
558	60
558	708
558	854
558	958
558	959
558	968
558	982
559	476
559	554
559	710
559	850
559	869
559	878
559	982
560	151
560	200
560	378
560	506
560	931
560	951
560	962
561	387
561	425
561	532
561	670
561	866
561	985
561	998
562	211
562	620
562	857
562	858
562	919
562	970
562	997
563	673
563	736
563	827
563	902
563	915
563	992
563	999
564	226
564	278
564	546
564	680
564	794
564	826
564	971
565	230
565	255
565	361
565	552
565	871
565	890
565	999
566	275
566	921
566	926
566	956
566	979
566	983
566	984
567	381
567	637
567	785
567	812
567	838
567	979
567	986
568	328
568	382
568	702
568	774
568	792
568	959
568	963
569	20
569	88
569	824
569	883
569	905
569	936
569	989
570	66
570	322
570	333
570	699
570	874
570	942
570	978
571	269
571	403
571	696
571	729
571	874
571	888
571	978
572	293
572	669
572	748
572	830
572	917
572	928
572	997
573	240
573	525
573	760
573	814
573	896
573	951
573	989
574	87
574	102
574	255
574	484
574	625
574	635
574	835
575	334
575	759
575	862
575	875
575	880
575	945
575	975
576	386
576	531
576	760
576	834
576	866
576	917
576	944
577	377
577	523
577	687
577	740
577	867
577	933
577	995
578	265
578	327
578	429
578	770
578	899
578	976
578	990
579	314
579	632
579	794
579	918
579	929
579	967
579	972
579	989
580	149
580	476
580	896
580	901
580	916
580	967
580	971
580	980
581	122
581	588
581	675
581	891
581	909
581	938
581	965
581	996
582	95
582	445
582	519
582	635
582	776
582	857
582	917
582	923
583	117
583	706
583	729
583	752
583	854
583	938
583	968
583	982
584	38
584	231
584	270
584	668
584	823
584	857
584	945
584	963
585	121
585	321
585	631
585	727
585	777
585	783
585	853
585	960
586	125
586	166
586	588
586	781
586	788
586	897
586	941
586	981
587	498
587	501
587	782
587	970
587	984
587	985
587	986
587	997
588	175
588	231
588	581
588	586
588	881
588	896
588	899
588	981
589	181
589	464
589	510
589	792
589	839
589	987
589	994
589	996
590	8
590	321
590	642
590	793
590	828
590	950
590	957
590	966
591	211
591	357
591	814
591	883
591	934
591	953
591	975
591	995
592	12
592	542
592	880
592	937
592	945
592	960
592	977
592	981
593	259
593	390
593	416
593	638
593	711
593	916
593	989
593	993
594	149
594	268
594	286
594	303
594	788
594	794
594	925
594	948
595	145
595	279
595	918
595	922
595	950
595	954
595	955
595	999
596	191
596	370
596	472
596	820
596	872
596	931
596	959
596	966
597	192
597	516
597	810
597	849
597	914
597	974
597	987
597	989
598	172
598	425
598	541
598	767
598	906
598	911
598	970
598	971
599	97
599	625
599	836
599	849
599	925
599	984
599	988
599	992
600	701
600	714
600	903
600	906
600	921
600	928
600	991
600	1000
601	206
601	374
601	679
601	683
601	826
601	847
601	914
601	925
602	659
602	671
602	782
602	872
602	933
602	992
602	995
602	1000
603	411
603	462
603	672
603	757
603	833
603	864
603	941
603	974
604	107
604	282
604	443
604	685
604	793
604	900
604	958
604	988
605	39
605	232
605	648
605	653
605	801
605	829
605	938
605	951
606	206
606	290
606	312
606	470
606	622
606	646
606	905
606	949
607	453
607	500
607	513
607	891
607	917
607	954
607	957
607	989
608	423
608	439
608	646
608	745
608	787
608	876
608	921
608	939
609	78
609	192
609	299
609	426
609	720
609	759
609	929
609	966
610	666
610	686
610	850
610	929
610	944
610	955
610	983
610	993
611	105
611	460
611	771
611	858
611	867
611	870
611	928
611	969
612	76
612	346
612	548
612	735
612	914
612	917
612	957
612	988
613	76
613	323
613	371
613	619
613	747
613	753
613	936
613	952
614	78
614	457
614	681
614	924
614	937
614	965
614	967
614	991
615	71
615	85
615	468
615	655
615	898
615	940
615	976
615	998
616	655
616	814
616	861
616	869
616	887
616	928
616	932
616	937
617	208
617	236
617	292
617	333
617	888
617	976
617	990
617	997
618	198
618	536
618	784
618	866
618	887
618	935
618	971
618	997
619	176
619	613
619	634
619	645
619	713
619	720
619	724
619	848
620	562
620	725
620	731
620	753
620	970
620	971
620	985
620	986
621	661
621	717
621	725
621	757
621	855
621	984
621	996
621	999
622	333
622	606
622	674
622	798
622	825
622	843
622	855
622	900
623	396
623	755
623	840
623	881
623	904
623	935
623	958
623	967
624	191
624	321
624	469
624	550
624	754
624	881
624	912
624	945
625	122
625	159
625	193
625	491
625	574
625	599
625	650
625	958
626	420
626	454
626	509
626	658
626	782
626	802
626	906
626	938
627	262
627	300
627	331
627	410
627	662
627	906
627	960
627	981
628	99
628	138
628	312
628	640
628	884
628	931
628	959
628	970
629	96
629	271
629	407
629	633
629	694
629	764
629	838
629	843
630	56
630	632
630	731
630	779
630	799
630	801
630	953
630	967
631	585
631	779
631	837
631	874
631	916
631	918
631	967
631	993
632	579
632	630
632	732
632	772
632	807
632	859
632	916
632	929
633	404
633	629
633	738
633	758
633	760
633	764
633	992
633	997
634	190
634	324
634	361
634	619
634	660
634	791
634	916
634	943
635	275
635	411
635	574
635	582
635	865
635	872
635	882
635	893
636	402
636	642
636	832
636	860
636	861
636	947
636	976
636	998
637	414
637	494
637	567
637	687
637	894
637	909
637	927
637	978
638	358
638	469
638	593
638	655
638	723
638	772
638	871
638	947
639	187
639	481
639	707
639	719
639	773
639	825
639	845
639	940
640	470
640	628
640	680
640	730
640	809
640	822
640	948
640	995
641	253
641	537
641	664
641	808
641	844
641	943
641	993
641	995
642	590
642	636
642	737
642	758
642	821
642	836
642	859
642	912
642	951
643	510
643	514
643	768
643	827
643	869
643	879
643	959
643	968
643	982
644	13
644	924
644	933
644	942
644	954
644	961
644	975
644	980
644	999
645	619
645	803
645	862
645	943
645	974
645	977
645	987
645	990
645	995
646	91
646	315
646	606
646	608
646	658
646	752
646	939
646	949
646	962
647	163
647	216
647	463
647	732
647	771
647	779
647	785
647	816
647	857
648	605
648	736
648	808
648	819
648	862
648	878
648	894
648	896
648	997
649	282
649	511
649	523
649	714
649	848
649	876
649	893
649	991
649	993
650	234
650	331
650	548
650	625
650	704
650	777
650	798
650	873
650	930
651	257
651	297
651	433
651	676
651	756
651	854
651	869
651	982
651	998
652	393
652	470
652	493
652	728
652	825
652	928
652	933
652	969
652	986
653	135
653	391
653	605
653	731
653	877
653	939
653	942
653	980
653	994
654	48
654	253
654	438
654	528
654	821
654	880
654	884
654	950
654	966
655	32
655	615
655	616
655	638
655	888
655	921
655	954
655	991
655	996
656	55
656	505
656	674
656	711
656	841
656	905
656	907
656	916
656	979
657	458
657	728
657	738
657	753
657	755
657	832
657	928
657	930
657	970
658	427
658	555
658	626
658	646
658	739
658	858
658	892
658	921
658	939
659	602
659	801
659	870
659	941
659	944
659	946
659	961
659	964
659	972
660	325
660	431
660	634
660	679
660	891
660	926
660	935
660	968
660	995
661	57
661	621
661	696
661	785
661	883
661	962
661	991
661	996
661	1000
662	507
662	627
662	709
662	772
662	918
662	934
662	947
662	969
662	989
663	359
663	681
663	936
663	939
663	978
663	991
663	996
663	997
663	1000
664	136
664	303
664	641
664	879
664	981
664	991
664	996
664	999
664	1000
665	34
665	810
665	811
665	875
665	876
665	895
665	943
665	962
665	974
666	2
666	530
666	610
666	670
666	765
666	862
666	944
666	980
666	985
667	388
667	524
667	725
667	736
667	766
667	787
667	931
667	992
667	996
668	336
668	397
668	473
668	505
668	584
668	719
668	765
668	869
668	915
669	415
669	572
669	698
669	745
669	887
669	938
669	945
669	960
669	973
670	218
670	561
670	666
670	681
670	784
670	886
670	937
670	970
670	986
671	244
671	423
671	514
671	602
671	809
671	916
671	924
671	928
671	977
672	217
672	474
672	491
672	545
672	603
672	782
672	833
672	855
672	979
673	140
673	161
673	190
673	257
673	329
673	563
673	784
673	940
673	941
674	214
674	244
674	622
674	656
674	815
674	867
674	974
674	987
674	996
675	301
675	527
675	581
675	731
675	851
675	852
675	859
675	966
675	983
676	179
676	651
676	720
676	753
676	803
676	806
676	862
676	949
676	957
677	13
677	697
677	810
677	863
677	954
677	974
677	982
677	987
677	1000
678	43
678	169
678	536
678	793
678	864
678	886
678	893
678	916
678	956
679	11
679	247
679	380
679	512
679	601
679	660
679	726
679	901
679	936
680	367
680	564
680	640
680	759
680	784
680	803
680	933
680	942
680	995
681	51
681	409
681	513
681	614
681	663
681	670
681	709
681	895
681	962
682	419
682	514
682	725
682	845
682	902
682	904
682	920
682	981
682	992
683	601
683	771
683	854
683	860
683	906
683	911
683	922
683	949
683	965
684	125
684	186
684	413
684	450
684	736
684	750
684	761
684	915
684	992
685	5
685	95
685	604
685	766
685	774
685	868
685	883
685	967
685	989
686	89
686	239
686	548
686	610
686	865
686	886
686	950
686	958
686	988
687	119
687	408
687	422
687	438
687	577
687	637
687	824
687	888
687	927
687	978
688	210
688	400
688	514
688	721
688	822
688	877
688	909
688	917
688	938
688	954
689	474
689	491
689	762
689	779
689	882
689	932
689	971
689	973
689	985
689	986
690	529
690	737
690	740
690	757
690	819
690	821
690	888
690	912
690	951
690	982
691	27
691	46
691	100
691	394
691	516
691	716
691	830
691	898
691	956
691	997
692	117
692	188
692	267
692	874
692	893
692	904
692	927
692	970
692	974
692	978
693	262
693	698
693	775
693	800
693	885
693	927
693	957
693	978
693	984
693	985
694	180
694	376
694	629
694	785
694	853
694	908
694	968
694	979
694	984
694	999
695	316
695	401
695	804
695	823
695	850
695	883
695	896
695	923
695	993
695	994
696	200
696	396
696	524
696	571
696	661
696	795
696	806
696	850
696	924
696	979
697	69
697	337
697	677
697	767
697	843
697	856
697	903
697	965
697	972
697	996
698	446
698	669
698	693
698	708
698	805
698	848
698	854
698	876
698	920
698	968
699	167
699	552
699	570
699	777
699	868
699	874
699	927
699	967
699	978
699	990
700	106
700	541
700	552
700	774
700	864
700	908
700	913
700	960
700	990
700	998
701	600
701	748
701	850
701	855
701	907
701	956
701	980
701	984
701	986
701	988
702	141
702	194
702	274
702	568
702	789
702	851
702	907
702	911
702	913
702	915
703	535
703	747
703	872
703	933
703	943
703	947
703	965
703	971
703	974
703	995
704	133
704	306
704	319
704	491
704	650
704	735
704	800
704	865
704	941
704	980
705	488
705	767
705	889
705	941
705	942
705	946
705	961
705	964
705	999
705	1000
706	372
706	583
706	879
706	959
706	968
706	969
706	970
706	972
706	976
706	982
707	307
707	421
707	639
707	796
707	817
707	845
707	850
707	940
707	988
707	998
708	267
708	399
708	433
708	551
708	558
708	698
708	753
708	776
708	856
708	930
709	139
709	373
709	662
709	681
709	864
709	880
709	895
709	907
709	948
709	955
710	242
710	467
710	559
710	807
710	857
710	931
710	964
710	965
710	972
710	996
711	193
711	276
711	363
711	593
711	656
711	744
711	831
711	956
711	984
711	986
712	81
712	274
712	316
712	722
712	771
712	806
712	921
712	965
712	971
712	1000
713	14
713	98
713	194
713	619
713	742
713	844
713	966
713	982
713	983
713	986
714	173
714	374
714	600
714	649
714	827
714	900
714	922
714	951
714	972
714	991
715	110
715	113
715	510
715	723
715	756
715	893
715	909
715	921
715	956
715	962
716	42
716	177
716	401
716	468
716	545
716	691
716	760
716	845
716	846
716	896
717	372
717	525
717	551
717	621
717	748
717	799
717	843
717	855
717	877
717	982
718	39
718	806
718	851
718	884
718	931
718	936
718	950
718	963
718	981
718	983
719	82
719	126
719	190
719	315
719	639
719	668
719	773
719	925
719	994
719	998
720	609
720	619
720	676
720	753
720	763
720	791
720	894
720	949
720	972
720	982
721	31
721	261
721	453
721	688
721	786
721	829
721	936
721	943
721	947
721	969
721	995
722	85
722	89
722	462
722	551
722	712
722	820
722	824
722	856
722	968
722	981
722	982
723	194
723	282
723	320
723	426
723	638
723	715
723	767
723	816
723	857
723	902
723	991
724	60
724	209
724	464
724	530
724	619
724	859
724	902
724	959
724	974
724	976
724	1000
725	487
725	537
725	620
725	621
725	667
725	682
725	766
725	904
725	908
725	934
725	992
726	168
726	679
726	757
726	847
726	856
726	865
726	873
726	954
726	958
726	988
726	998
727	50
727	270
727	461
727	585
727	733
727	768
727	873
727	925
727	957
727	963
727	988
728	141
728	434
728	652
728	657
728	734
728	944
728	969
728	973
728	985
728	995
728	1000
729	49
729	235
729	289
729	385
729	571
729	583
729	752
729	874
729	904
729	978
729	981
730	299
730	367
730	550
730	640
730	740
730	792
730	864
730	901
730	933
730	953
730	995
731	140
731	358
731	620
731	630
731	653
731	675
731	898
731	942
731	955
731	960
731	973
732	21
732	201
732	316
732	632
732	647
732	909
732	919
732	923
732	947
732	959
732	993
733	48
733	62
733	65
733	238
733	384
733	489
733	727
733	745
733	871
733	959
733	963
734	468
734	728
734	748
734	846
734	891
734	910
734	927
734	952
734	969
734	997
734	999
735	314
735	399
735	612
735	704
735	814
735	919
735	925
735	946
735	958
735	987
735	988
736	217
736	348
736	396
736	563
736	648
736	667
736	684
736	901
736	904
736	915
736	992
737	514
737	642
737	690
737	754
737	758
737	790
737	821
737	829
737	893
737	985
737	990
738	633
738	657
738	829
738	843
738	847
738	965
738	966
738	970
738	985
738	986
738	997
739	238
739	264
739	347
739	658
739	869
739	917
739	942
739	960
739	975
739	993
739	999
740	12
740	203
740	248
740	304
740	577
740	690
740	730
740	815
740	863
740	867
740	976
741	45
741	53
741	101
741	170
741	193
741	756
741	920
741	938
741	968
741	982
741	984
742	309
742	349
742	488
742	505
742	713
742	750
742	765
742	817
742	825
742	903
742	934
743	94
743	486
743	500
743	806
743	852
743	885
743	893
743	960
743	977
743	981
743	999
744	403
744	408
744	556
744	711
744	757
744	780
744	877
744	905
744	923
744	976
744	984
745	608
745	669
745	733
745	892
745	921
745	932
745	939
745	954
745	956
745	965
745	972
746	267
746	426
746	534
746	775
746	781
746	804
746	899
746	919
746	970
746	975
746	998
747	198
747	492
747	507
747	510
747	613
747	703
747	805
747	807
747	901
747	926
747	938
748	44
748	285
748	572
748	701
748	717
748	734
748	833
748	855
748	877
748	911
748	980
749	182
749	460
749	820
749	830
749	848
749	851
749	903
749	944
749	950
749	963
749	977
750	32
750	171
750	528
750	547
750	684
750	742
750	769
750	953
750	959
750	963
750	966
751	112
751	248
751	430
751	861
751	902
751	906
751	937
751	978
751	983
751	996
751	998
752	19
752	412
752	583
752	646
752	729
752	885
752	888
752	902
752	947
752	978
752	981
753	156
753	395
753	613
753	620
753	657
753	676
753	708
753	720
753	791
753	977
753	995
754	325
754	469
754	624
754	737
754	783
754	818
754	838
754	865
754	876
754	896
754	951
755	59
755	63
755	235
755	396
755	623
755	657
755	841
755	894
755	924
755	928
755	929
755	967
756	414
756	444
756	651
756	715
756	741
756	757
756	878
756	879
756	930
756	962
756	982
756	992
757	24
757	183
757	285
757	603
757	621
757	690
757	726
757	744
757	756
757	776
757	905
757	985
758	217
758	388
758	549
758	633
758	642
758	737
758	912
758	921
758	931
758	938
758	951
758	975
759	575
759	609
759	680
759	762
759	828
759	890
759	929
759	955
759	962
759	969
759	985
759	986
760	573
760	576
760	633
760	716
760	770
760	799
760	812
760	941
760	944
760	960
760	969
760	986
761	47
761	215
761	420
761	557
761	684
761	842
761	941
761	946
761	948
761	961
761	964
761	965
762	40
762	689
762	759
762	763
762	767
762	801
762	895
762	935
762	936
762	952
762	968
762	980
763	168
763	275
763	720
763	762
763	793
763	828
763	900
763	901
763	914
763	957
763	958
763	963
764	58
764	178
764	324
764	532
764	542
764	629
764	633
764	795
764	809
764	910
764	917
764	977
765	281
765	391
765	422
765	457
765	478
765	530
765	666
765	668
765	742
765	848
765	851
765	965
766	489
766	667
766	685
766	725
766	862
766	902
766	904
766	908
766	929
766	930
766	966
766	992
767	32
767	302
767	330
767	598
767	697
767	705
767	723
767	762
767	781
767	965
767	976
767	991
768	213
768	255
768	395
768	643
768	727
768	818
768	836
768	886
768	914
768	945
768	957
768	968
769	28
769	139
769	148
769	487
769	750
769	811
769	834
769	851
769	934
769	953
769	989
769	993
770	403
770	442
770	512
770	557
770	578
770	760
770	805
770	858
770	866
770	921
770	971
770	997
771	54
771	427
771	611
771	647
771	683
771	712
771	927
771	955
771	972
771	986
771	991
771	999
772	316
772	418
772	632
772	638
772	662
772	787
772	791
772	859
772	903
772	918
772	934
772	995
773	88
773	166
773	264
773	367
773	399
773	421
773	639
773	719
773	825
773	845
773	940
773	944
774	270
774	295
774	464
774	568
774	685
774	700
774	804
774	859
774	883
774	931
774	963
774	983
775	157
775	273
775	445
775	526
775	693
775	746
775	790
775	885
775	892
775	927
775	948
775	978
776	135
776	163
776	298
776	314
776	352
776	582
776	708
776	757
776	799
776	822
776	953
776	989
777	329
777	343
777	456
777	585
777	650
777	699
777	886
777	913
777	958
777	965
777	973
777	992
778	410
778	424
778	550
778	555
778	806
778	816
778	829
778	861
778	921
778	937
778	977
778	997
779	240
779	387
779	447
779	450
779	630
779	631
779	647
779	689
779	906
779	921
779	965
779	1000
780	108
780	127
780	439
780	492
780	522
780	744
780	891
780	915
780	956
780	979
780	984
780	997
781	62
781	71
781	220
781	356
781	534
781	586
781	746
781	767
781	830
781	864
781	908
781	919
781	990
782	236
782	348
782	587
782	602
782	626
782	672
782	812
782	862
782	893
782	936
782	974
782	987
782	995
783	29
783	94
783	217
783	388
783	585
783	754
783	819
783	834
783	884
783	886
783	890
783	951
783	985
784	213
784	262
784	304
784	334
784	460
784	479
784	531
784	618
784	670
784	673
784	680
784	801
784	997
785	132
785	176
785	285
785	335
785	438
785	567
785	647
785	661
785	694
785	855
785	865
785	905
785	940
786	271
786	435
786	460
786	537
786	540
786	721
786	835
786	872
786	884
786	885
786	905
786	926
786	995
787	65
787	87
787	261
787	371
787	543
787	608
787	667
787	772
787	799
787	916
787	934
787	989
787	993
788	260
788	384
788	495
788	586
788	594
788	852
788	871
788	880
788	948
788	954
788	964
788	981
788	985
789	75
789	168
789	235
789	287
789	394
789	522
789	531
789	702
789	899
789	913
789	929
789	976
789	998
790	8
790	154
790	191
790	357
790	409
790	502
790	517
790	737
790	775
790	890
790	901
790	951
790	963
791	56
791	218
791	370
791	529
791	634
791	720
791	753
791	772
791	822
791	926
791	933
791	946
791	958
792	134
792	191
792	312
792	369
792	568
792	589
792	730
792	815
792	820
792	840
792	844
792	975
792	998
793	37
793	107
793	458
793	590
793	604
793	678
793	763
793	806
793	812
793	813
793	947
793	958
793	988
794	564
794	579
794	594
794	834
794	863
794	871
794	895
794	913
794	960
794	972
794	975
794	980
794	989
795	280
795	383
795	391
795	429
795	532
795	542
795	696
795	764
795	852
795	892
795	910
795	922
795	977
796	140
796	307
796	449
796	557
796	707
796	800
796	813
796	845
796	885
796	913
796	940
796	973
796	994
797	93
797	156
797	354
797	454
797	464
797	477
797	802
797	862
797	892
797	894
797	942
797	977
797	995
798	64
798	111
798	622
798	650
798	823
798	844
798	887
798	900
798	903
798	941
798	950
798	963
798	989
799	9
799	294
799	465
799	630
799	717
799	760
799	776
799	787
799	935
799	947
799	965
799	967
799	985
800	4
800	167
800	422
800	486
800	693
800	704
800	796
800	874
800	885
800	888
800	900
800	925
800	927
801	50
801	493
801	605
801	630
801	659
801	762
801	784
801	882
801	894
801	908
801	929
801	935
801	985
802	233
802	497
802	537
802	626
802	797
802	812
802	822
802	846
802	926
802	944
802	968
802	985
802	995
803	68
803	108
803	212
803	215
803	304
803	337
803	440
803	529
803	538
803	645
803	676
803	680
803	933
803	992
804	145
804	376
804	427
804	468
804	695
804	746
804	774
804	911
804	927
804	929
804	967
804	976
804	990
804	998
805	387
805	491
805	521
805	698
805	747
805	770
805	807
805	828
805	846
805	897
805	952
805	969
805	985
805	986
806	100
806	310
806	676
806	696
806	712
806	718
806	743
806	778
806	793
806	857
806	914
806	957
806	972
806	996
807	6
807	137
807	147
807	632
807	710
807	747
807	805
807	816
807	900
807	922
807	927
807	969
807	972
807	1000
808	348
808	529
808	641
808	648
808	816
808	821
808	829
808	841
808	894
808	943
808	952
808	969
808	975
808	985
809	36
809	152
809	202
809	341
809	348
809	451
809	514
809	640
809	671
809	764
809	835
809	852
809	935
809	993
810	233
810	344
810	371
810	464
810	482
810	503
810	526
810	597
810	665
810	677
810	813
810	841
810	901
810	953
811	83
811	114
811	554
811	665
811	769
811	883
811	896
811	900
811	931
811	934
811	947
811	953
811	993
811	997
812	138
812	237
812	435
812	540
812	567
812	760
812	782
812	793
812	802
812	846
812	894
812	933
812	949
812	989
813	79
813	181
813	256
813	377
813	382
813	402
813	793
813	796
813	810
813	846
813	849
813	867
813	875
813	974
814	440
814	573
814	591
814	616
814	735
814	824
814	916
814	918
814	934
814	967
814	972
814	975
814	987
814	993
815	155
815	185
815	457
815	674
815	740
815	792
815	828
815	849
815	863
815	867
815	911
815	919
815	922
815	987
816	280
816	325
816	474
816	511
816	647
816	723
816	778
816	807
816	808
816	861
816	897
816	951
816	991
816	1000
817	137
817	323
817	400
817	471
817	473
817	478
817	547
817	707
817	742
817	831
817	950
817	952
817	972
817	988
818	53
818	116
818	153
818	357
818	482
818	546
818	554
818	754
818	768
818	819
818	890
818	912
818	951
818	960
819	178
819	480
819	481
819	504
819	549
819	554
819	648
819	690
819	783
819	818
819	831
819	884
819	890
819	905
820	422
820	528
820	596
820	722
820	749
820	792
820	834
820	903
820	933
820	956
820	959
820	982
820	983
820	985
821	350
821	388
821	480
821	518
821	549
821	642
821	654
821	690
821	737
821	808
821	912
821	948
821	991
821	999
822	174
822	205
822	218
822	276
822	640
822	688
822	776
822	791
822	802
822	936
822	941
822	943
822	980
822	995
823	64
823	67
823	72
823	345
823	445
823	493
823	584
823	695
823	798
823	854
823	932
823	945
823	963
823	966
824	147
824	277
824	393
824	569
824	687
824	722
824	814
824	840
824	844
824	916
824	934
824	942
824	953
824	989
825	346
825	428
825	438
825	463
825	473
825	622
825	639
825	652
825	742
825	773
825	877
825	905
825	956
825	979
825	984
826	192
826	199
826	405
826	564
826	601
826	846
826	893
826	933
826	970
826	971
826	982
826	985
826	986
826	996
826	997
827	221
827	433
827	444
827	513
827	544
827	563
827	643
827	714
827	878
827	920
827	930
827	949
827	968
827	978
827	996
828	13
828	91
828	526
828	590
828	759
828	763
828	805
828	815
828	863
828	867
828	875
828	905
828	933
828	974
828	987
829	39
829	367
829	605
829	721
829	737
829	738
829	778
829	808
829	831
829	862
829	884
829	901
829	962
829	995
829	999
830	171
830	244
830	541
830	572
830	691
830	749
830	781
830	840
830	858
830	868
830	889
830	926
830	961
830	969
830	971
831	294
831	369
831	527
831	554
831	711
831	817
831	819
831	829
831	839
831	851
831	859
831	934
831	959
831	983
831	996
832	215
832	333
832	538
832	636
832	657
832	886
832	889
832	911
832	915
832	948
832	971
832	976
832	990
832	994
832	998
833	269
833	492
833	603
833	672
833	748
833	838
833	906
833	919
833	928
833	956
833	979
833	982
833	984
833	987
833	994
834	17
834	40
834	67
834	77
834	471
834	576
834	769
834	783
834	794
834	820
834	880
834	917
834	945
834	975
834	980
835	3
835	34
835	319
835	378
835	384
835	574
835	786
835	809
835	847
835	853
835	865
835	914
835	957
835	978
835	988
836	114
836	260
836	295
836	327
836	342
836	393
836	599
836	642
836	768
836	885
836	886
836	925
836	928
836	949
836	988
837	76
837	115
837	162
837	308
837	485
837	631
837	842
837	870
837	892
837	912
837	920
837	931
837	946
837	961
837	985
838	41
838	429
838	506
838	567
838	629
838	754
838	833
838	843
838	922
838	927
838	932
838	953
838	961
838	979
838	984
839	80
839	123
839	146
839	212
839	589
839	831
839	848
839	887
839	931
839	946
839	951
839	954
839	966
839	970
839	983
839	993
840	394
840	442
840	460
840	461
840	522
840	623
840	792
840	824
840	830
840	882
840	885
840	923
840	962
840	963
840	969
840	970
841	364
841	474
841	525
841	656
841	755
841	808
841	810
841	877
841	920
841	956
841	960
841	963
841	972
841	979
841	981
841	984
842	126
842	247
842	293
842	319
842	761
842	837
842	851
842	858
842	869
842	870
842	889
842	941
842	946
842	961
842	964
842	1000
843	293
843	381
843	452
843	479
843	512
843	622
843	629
843	697
843	717
843	738
843	838
843	877
843	918
843	946
843	979
843	984
844	3
844	32
844	117
844	473
844	496
844	528
844	641
844	713
844	792
844	798
844	824
844	847
844	859
844	879
844	959
844	983
845	125
845	126
845	161
845	342
845	349
845	371
845	557
845	639
845	682
845	707
845	716
845	773
845	796
845	901
845	940
845	987
846	7
846	393
846	511
846	716
846	734
846	802
846	805
846	812
846	813
846	826
846	858
846	871
846	928
846	935
846	963
846	971
847	225
847	294
847	401
847	601
847	726
847	738
847	835
847	844
847	873
847	893
847	946
847	947
847	948
847	957
847	977
847	988
848	84
848	134
848	137
848	170
848	505
848	542
848	543
848	619
848	649
848	698
848	749
848	765
848	839
848	884
848	983
848	985
849	25
849	106
849	523
849	597
849	599
849	813
849	815
849	863
849	867
849	886
849	948
849	964
849	974
849	977
849	987
849	991
850	384
850	417
850	559
850	610
850	695
850	696
850	701
850	707
850	882
850	929
850	931
850	952
850	960
850	970
850	971
850	986
851	186
851	266
851	520
851	675
851	702
851	718
851	749
851	765
851	769
851	831
851	842
851	931
851	950
851	966
851	971
851	973
851	983
852	114
852	208
852	269
852	347
852	467
852	481
852	506
852	551
852	675
852	743
852	788
852	795
852	809
852	899
852	910
852	926
852	977
853	162
853	401
853	456
853	540
853	585
853	694
853	835
853	858
853	863
853	893
853	914
853	917
853	957
853	961
853	982
853	987
853	988
854	156
854	222
854	372
854	477
854	500
854	503
854	558
854	583
854	651
854	683
854	698
854	823
854	856
854	920
854	968
854	982
854	993
855	84
855	254
855	492
855	621
855	622
855	672
855	701
855	717
855	748
855	785
855	874
855	900
855	928
855	938
855	967
855	979
855	995
856	44
856	266
856	315
856	372
856	383
856	537
856	555
856	697
856	708
856	722
856	726
856	854
856	879
856	920
856	930
856	970
856	980
857	52
857	382
857	450
857	562
857	582
857	584
857	647
857	710
857	723
857	806
857	861
857	906
857	922
857	953
857	961
857	991
857	996
858	41
858	341
858	404
858	562
858	611
858	658
858	770
858	830
858	842
858	846
858	853
858	900
858	909
858	935
858	944
858	985
858	990
858	997
859	18
859	30
859	448
859	533
859	632
859	642
859	675
859	724
859	772
859	774
859	831
859	844
859	880
859	887
859	935
859	936
859	983
859	988
860	124
860	129
860	236
860	240
860	483
860	636
860	683
860	867
860	916
860	922
860	929
860	932
860	947
860	950
860	964
860	965
860	972
860	991
861	13
861	86
861	109
861	334
861	500
861	542
861	616
861	636
861	751
861	778
861	816
861	857
861	897
861	937
861	944
861	962
861	972
861	996
862	232
862	478
862	483
862	512
862	529
862	575
862	645
862	648
862	666
862	676
862	766
862	782
862	797
862	829
862	908
862	958
862	975
862	983
863	5
863	227
863	420
863	505
863	677
863	740
863	794
863	815
863	828
863	849
863	853
863	875
863	887
863	974
863	979
863	987
863	988
863	990
864	90
864	234
864	281
864	603
864	678
864	700
864	709
864	730
864	781
864	899
864	908
864	911
864	919
864	920
864	973
864	984
864	990
864	998
865	258
865	312
865	317
865	366
865	635
865	686
865	704
865	726
865	754
865	785
865	835
865	878
865	901
865	925
865	958
865	988
865	993
865	1000
866	17
866	68
866	225
866	446
866	544
866	561
866	576
866	618
866	770
866	880
866	882
866	933
866	963
866	964
866	970
866	972
866	980
866	997
867	145
867	187
867	416
867	494
867	577
867	611
867	674
867	740
867	813
867	815
867	828
867	849
867	860
867	877
867	906
867	948
867	974
867	980
868	83
868	305
868	465
868	685
868	699
868	830
868	880
868	896
868	926
868	934
868	947
868	952
868	953
868	989
868	990
868	993
868	997
868	1000
869	67
869	146
869	339
869	380
869	418
869	551
869	559
869	616
869	643
869	651
869	668
869	739
869	842
869	879
869	882
869	920
869	930
869	939
870	66
870	436
870	611
870	659
870	837
870	842
870	875
870	881
870	889
870	892
870	930
870	941
870	961
870	964
870	972
870	979
870	991
870	998
871	386
871	435
871	556
871	565
871	638
871	733
871	788
871	794
871	846
871	878
871	880
871	909
871	917
871	919
871	954
871	973
871	994
871	995
872	9
872	176
872	220
872	508
872	533
872	596
872	602
872	635
872	703
872	786
872	883
872	892
872	926
872	943
872	949
872	975
872	977
872	995
873	21
873	246
873	253
873	313
873	332
873	424
873	650
873	726
873	727
873	847
873	886
873	909
873	910
873	914
873	925
873	932
873	967
873	969
873	991
874	129
874	412
874	450
874	470
874	570
874	571
874	631
874	692
874	699
874	729
874	800
874	855
874	882
874	885
874	906
874	910
874	927
874	967
874	978
875	379
875	458
875	526
875	575
875	665
875	813
875	828
875	863
875	870
875	876
875	898
875	909
875	934
875	937
875	957
875	974
875	983
875	987
875	994
876	158
876	214
876	227
876	437
876	482
876	526
876	547
876	608
876	649
876	665
876	698
876	754
876	875
876	898
876	966
876	969
876	974
876	982
876	987
877	25
877	288
877	322
877	428
877	470
877	474
877	653
877	688
877	717
877	744
877	748
877	825
877	841
877	843
877	867
877	907
877	950
877	956
877	984
878	301
878	319
878	324
878	355
878	415
878	479
878	559
878	648
878	756
878	827
878	865
878	871
878	902
878	920
878	930
878	937
878	968
878	982
878	993
879	157
879	301
879	407
879	479
879	527
879	643
879	664
879	706
879	756
879	844
879	856
879	869
879	907
879	912
879	920
879	930
879	955
879	965
879	968
880	268
880	423
880	575
880	592
880	654
880	709
880	788
880	834
880	859
880	866
880	868
880	871
880	909
880	911
880	925
880	941
880	948
880	980
880	990
881	111
881	213
881	334
881	364
881	588
881	623
881	624
881	870
881	895
881	913
881	917
881	938
881	953
881	955
881	973
881	975
881	981
881	988
881	999
882	393
882	461
882	635
882	689
882	801
882	840
882	850
882	866
882	869
882	874
882	889
882	912
882	920
882	925
882	943
882	969
882	971
882	995
882	997
883	31
883	104
883	519
883	569
883	591
883	661
883	685
883	695
883	774
883	811
883	872
883	884
883	918
883	923
883	932
883	947
883	989
883	993
883	996
883	1000
884	72
884	225
884	452
884	527
884	533
884	628
884	654
884	718
884	783
884	786
884	819
884	829
884	848
884	883
884	887
884	950
884	966
884	973
884	983
884	991
885	49
885	117
885	144
885	252
885	322
885	421
885	494
885	693
885	743
885	752
885	775
885	786
885	796
885	800
885	836
885	840
885	874
885	888
885	978
885	987
886	16
886	114
886	150
886	328
886	424
886	670
886	678
886	686
886	768
886	777
886	783
886	832
886	836
886	849
886	873
886	888
886	917
886	937
886	958
886	974
887	22
887	69
887	389
887	417
887	447
887	513
887	530
887	616
887	618
887	669
887	798
887	839
887	859
887	863
887	884
887	903
887	958
887	966
887	975
887	983
888	68
888	74
888	385
888	408
888	445
888	535
888	571
888	617
888	655
888	687
888	690
888	752
888	800
888	885
888	886
888	913
888	932
888	967
888	978
888	994
889	353
889	437
889	485
889	508
889	523
889	705
889	830
889	832
889	842
889	870
889	882
889	892
889	934
889	941
889	946
889	951
889	961
889	964
889	983
889	997
890	90
890	123
890	254
890	327
890	392
890	428
890	502
890	517
890	528
890	543
890	565
890	759
890	783
890	790
890	818
890	819
890	912
890	951
890	959
890	993
891	188
891	210
891	279
891	280
891	332
891	581
891	607
891	660
891	734
891	780
891	898
891	938
891	945
891	972
891	973
891	980
891	981
891	982
891	994
891	999
892	23
892	179
892	539
892	658
892	745
892	775
892	795
892	797
892	837
892	870
892	872
892	889
892	925
892	936
892	941
892	946
892	960
892	961
892	964
892	991
893	99
893	398
893	456
893	635
893	649
893	678
893	692
893	715
893	737
893	743
893	782
893	826
893	847
893	853
893	925
893	933
893	944
893	957
893	958
893	988
894	138
894	272
894	285
894	297
894	306
894	315
894	344
894	520
894	637
894	648
894	720
894	755
894	797
894	801
894	808
894	812
894	936
894	965
894	968
894	995
895	165
895	247
895	305
895	349
895	409
895	456
895	520
895	665
895	681
895	709
895	762
895	794
895	881
895	897
895	898
895	906
895	909
895	912
895	938
895	961
895	981
896	80
896	148
896	149
896	294
896	298
896	519
896	526
896	573
896	580
896	588
896	648
896	695
896	716
896	754
896	811
896	868
896	918
896	954
896	975
896	993
896	998
897	1
897	189
897	203
897	480
897	490
897	586
897	805
897	816
897	861
897	895
897	940
897	945
897	954
897	955
897	958
897	975
897	976
897	980
897	994
897	995
897	998
898	343
898	477
898	488
898	615
898	691
898	731
898	875
898	876
898	891
898	895
898	922
898	947
898	948
898	953
898	963
898	975
898	980
898	981
898	994
898	999
898	1000
899	54
899	391
899	419
899	466
899	518
899	525
899	538
899	578
899	588
899	746
899	789
899	852
899	864
899	908
899	911
899	916
899	947
899	972
899	976
899	982
899	990
900	206
900	263
900	273
900	279
900	320
900	337
900	604
900	622
900	714
900	763
900	798
900	800
900	807
900	811
900	855
900	858
900	906
900	922
900	962
900	965
900	986
901	5
901	33
901	291
901	354
901	439
901	459
901	520
901	553
901	580
901	679
901	730
901	736
901	747
901	763
901	790
901	810
901	829
901	845
901	865
901	936
901	949
901	995
902	33
902	109
902	177
902	343
902	419
902	456
902	487
902	534
902	563
902	682
902	723
902	724
902	751
902	752
902	766
902	878
902	903
902	904
902	915
902	968
902	970
902	992
903	46
903	75
903	328
903	455
903	462
903	473
903	552
903	600
903	697
903	742
903	749
903	772
903	798
903	820
903	887
903	902
903	911
903	919
903	931
903	950
903	968
903	983
904	142
904	177
904	224
904	249
904	290
904	392
904	436
904	463
904	472
904	623
904	682
904	692
904	725
904	729
904	736
904	766
904	902
904	915
904	935
904	951
904	971
904	992
905	63
905	112
905	300
905	390
905	411
905	416
905	429
905	492
905	569
905	606
905	656
905	744
905	757
905	785
905	786
905	819
905	825
905	828
905	907
905	971
905	978
905	994
906	151
906	276
906	475
906	503
906	598
906	600
906	626
906	627
906	683
906	751
906	779
906	833
906	857
906	867
906	874
906	895
906	900
906	932
906	939
906	961
906	985
906	1000
907	33
907	41
907	108
907	164
907	351
907	387
907	430
907	525
907	656
907	701
907	702
907	709
907	877
907	879
907	905
907	937
907	956
907	979
907	983
907	984
907	997
907	998
908	121
908	185
908	311
908	374
908	497
908	522
908	556
908	694
908	700
908	725
908	766
908	781
908	801
908	862
908	864
908	899
908	911
908	913
908	919
908	976
908	982
908	990
908	998
909	63
909	92
909	237
909	405
909	581
909	637
909	688
909	715
909	732
909	858
909	871
909	873
909	875
909	880
909	895
909	927
909	955
909	956
909	960
909	975
909	993
909	994
909	999
910	95
910	152
910	208
910	222
910	284
910	289
910	311
910	314
910	383
910	423
910	532
910	734
910	764
910	795
910	852
910	873
910	874
910	928
910	943
910	973
910	977
910	978
910	998
911	99
911	107
911	402
911	467
911	536
911	598
911	683
911	702
911	748
911	804
911	815
911	832
911	864
911	880
911	899
911	903
911	908
911	913
911	916
911	919
911	988
911	990
911	998
912	35
912	352
912	502
912	517
912	518
912	519
912	547
912	549
912	624
912	642
912	690
912	758
912	818
912	821
912	837
912	879
912	882
912	890
912	895
912	939
912	951
912	958
912	975
913	102
913	132
913	152
913	182
913	287
913	403
913	700
913	702
913	777
913	789
913	794
913	796
913	881
913	888
913	908
913	911
913	919
913	926
913	952
913	955
913	976
913	990
913	998
913	999
914	131
914	133
914	150
914	273
914	328
914	329
914	368
914	395
914	443
914	597
914	601
914	612
914	763
914	768
914	806
914	835
914	853
914	873
914	925
914	935
914	940
914	962
914	974
914	992
915	20
915	24
915	26
915	55
915	78
915	113
915	130
915	245
915	284
915	472
915	563
915	668
915	684
915	702
915	736
915	780
915	832
915	902
915	904
915	925
915	970
915	978
915	985
915	992
916	112
916	358
916	580
916	593
916	631
916	632
916	634
916	656
916	671
916	678
916	787
916	814
916	824
916	860
916	899
916	911
916	918
916	923
916	939
916	952
916	953
916	955
916	969
916	989
917	81
917	165
917	233
917	334
917	572
917	576
917	582
917	607
917	612
917	688
917	739
917	764
917	834
917	853
917	871
917	881
917	886
917	945
917	952
917	954
917	960
917	978
917	994
917	999
918	61
918	158
918	172
918	239
918	243
918	359
918	510
918	579
918	595
918	631
918	662
918	772
918	814
918	843
918	883
918	896
918	916
918	921
918	923
918	953
918	966
918	977
918	992
918	993
919	182
919	260
919	302
919	453
919	464
919	466
919	556
919	562
919	732
919	735
919	746
919	781
919	815
919	833
919	864
919	871
919	903
919	908
919	911
919	913
919	968
919	988
919	990
919	998
920	37
920	221
920	373
920	381
920	455
920	472
920	475
920	476
920	499
920	515
920	682
920	698
920	741
920	827
920	837
920	841
920	854
920	856
920	864
920	869
920	878
920	879
920	882
920	930
920	982
921	161
921	365
921	417
921	453
921	465
921	550
921	566
921	600
921	608
921	655
921	658
921	712
921	715
921	745
921	758
921	770
921	778
921	779
921	918
921	925
921	962
921	965
921	976
921	994
921	1000
922	27
922	189
922	273
922	296
922	424
922	466
922	507
922	595
922	683
922	714
922	795
922	807
922	815
922	838
922	857
922	860
922	898
922	900
922	931
922	932
922	937
922	959
922	983
922	991
922	1000
923	80
923	150
923	335
923	356
923	370
923	406
923	418
923	435
923	451
923	504
923	582
923	695
923	732
923	744
923	840
923	883
923	916
923	918
923	934
923	940
923	953
923	967
923	989
923	994
923	997
924	47
924	98
924	175
924	199
924	255
924	263
924	266
924	289
924	430
924	475
924	493
924	495
924	507
924	614
924	644
924	671
924	696
924	755
924	936
924	939
924	961
924	966
924	973
924	996
924	1000
925	6
925	90
925	168
925	295
925	342
925	346
925	395
925	594
925	599
925	601
925	719
925	727
925	735
925	800
925	836
925	865
925	873
925	880
925	882
925	892
925	893
925	914
925	915
925	921
925	970
926	115
926	160
926	197
926	205
926	228
926	242
926	249
926	360
926	420
926	498
926	566
926	660
926	747
926	786
926	791
926	802
926	830
926	852
926	868
926	872
926	913
926	933
926	935
926	995
926	1000
927	49
927	166
927	408
927	412
927	422
927	425
927	428
927	472
927	637
927	687
927	692
927	693
927	699
927	734
927	771
927	775
927	800
927	804
927	807
927	838
927	874
927	909
927	928
927	954
927	978
927	996
928	50
928	293
928	331
928	441
928	475
928	515
928	572
928	600
928	611
928	616
928	652
928	657
928	671
928	755
928	833
928	836
928	846
928	855
928	910
928	927
928	952
928	967
928	971
928	985
928	986
928	997
929	42
929	285
929	521
929	579
929	609
929	610
929	632
929	755
929	759
929	766
929	789
929	801
929	804
929	850
929	860
929	941
929	945
929	952
929	963
929	969
929	970
929	971
929	976
929	985
929	992
929	997
930	16
930	86
930	173
930	308
930	343
930	380
930	407
930	446
930	476
930	650
930	657
930	708
930	756
930	766
930	827
930	856
930	869
930	870
930	878
930	879
930	920
930	945
930	972
930	976
930	990
930	994
931	180
931	274
931	379
931	411
931	417
931	448
931	560
931	596
931	628
931	667
931	710
931	718
931	758
931	774
931	811
931	837
931	839
931	850
931	851
931	903
931	922
931	959
931	963
931	966
931	983
931	984
932	55
932	110
932	128
932	290
932	441
932	451
932	616
932	689
932	745
932	823
932	838
932	860
932	873
932	883
932	888
932	906
932	922
932	937
932	939
932	945
932	959
932	962
932	965
932	989
932	991
932	996
933	205
933	252
933	325
933	437
933	440
933	442
933	459
933	577
933	602
933	644
933	652
933	680
933	703
933	730
933	791
933	803
933	812
933	820
933	826
933	828
933	866
933	893
933	926
933	939
933	943
933	973
933	983
934	26
934	251
934	313
934	365
934	370
934	409
934	510
934	591
934	662
934	725
934	742
934	769
934	772
934	787
934	811
934	814
934	824
934	831
934	868
934	875
934	889
934	923
934	967
934	974
934	986
934	989
934	993
935	25
935	91
935	122
935	216
935	234
935	251
935	327
935	390
935	461
935	618
935	623
935	660
935	762
935	799
935	801
935	809
935	846
935	858
935	859
935	904
935	914
935	926
935	943
935	952
935	960
935	971
935	997
936	164
936	291
936	413
936	437
936	443
936	444
936	498
936	569
936	613
936	663
936	679
936	718
936	721
936	762
936	782
936	822
936	859
936	892
936	894
936	901
936	924
936	942
936	943
936	945
936	952
936	963
936	995
937	65
937	104
937	131
937	238
937	326
937	359
937	361
937	501
937	509
937	534
937	592
937	614
937	616
937	670
937	751
937	778
937	861
937	875
937	878
937	886
937	907
937	922
937	932
937	948
937	972
937	991
937	1000
938	185
938	331
938	343
938	477
938	540
938	581
938	583
938	605
938	626
938	669
938	688
938	741
938	747
938	758
938	855
938	881
938	891
938	895
938	942
938	954
938	957
938	960
938	970
938	978
938	981
938	983
938	989
938	999
939	199
939	241
939	326
939	330
939	386
939	461
939	502
939	503
939	544
939	550
939	608
939	646
939	653
939	658
939	663
939	745
939	869
939	906
939	912
939	916
939	924
939	932
939	933
939	949
939	951
939	955
939	962
939	972
940	53
940	82
940	88
940	93
940	125
940	153
940	162
940	186
940	257
940	307
940	353
940	449
940	508
940	557
940	615
940	639
940	673
940	707
940	773
940	785
940	796
940	845
940	897
940	914
940	923
940	956
940	972
940	987
941	154
941	308
941	375
941	434
941	499
941	509
941	539
941	586
941	603
941	659
941	673
941	704
941	705
941	760
941	761
941	798
941	822
941	842
941	870
941	880
941	889
941	892
941	929
941	946
941	961
941	964
941	967
941	990
942	4
942	119
942	250
942	268
942	386
942	400
942	437
942	535
942	570
942	644
942	653
942	680
942	705
942	731
942	739
942	797
942	824
942	936
942	938
942	947
942	955
942	972
942	973
942	978
942	980
942	981
942	985
942	994
942	999
943	220
943	253
943	272
943	341
943	344
943	420
943	534
943	555
943	634
943	641
943	645
943	665
943	703
943	721
943	808
943	822
943	872
943	882
943	910
943	933
943	935
943	936
943	949
943	955
943	967
943	974
943	976
943	992
943	995
944	22
944	204
944	256
944	283
944	378
944	394
944	441
944	546
944	576
944	610
944	659
944	666
944	728
944	749
944	760
944	773
944	802
944	858
944	861
944	893
944	952
944	969
944	970
944	971
944	975
944	981
944	985
944	986
944	999
945	308
945	318
945	320
945	339
945	389
945	480
945	486
945	575
945	584
945	592
945	624
945	669
945	768
945	823
945	834
945	891
945	897
945	917
945	929
945	930
945	932
945	936
945	948
945	973
945	980
945	981
945	989
945	995
945	999
946	66
946	101
946	170
946	204
946	223
946	252
946	260
946	375
946	389
946	404
946	499
946	508
946	539
946	659
946	705
946	735
946	761
946	791
946	837
946	839
946	842
946	843
946	847
946	889
946	892
946	941
946	961
946	962
946	975
947	7
947	239
947	256
947	305
947	309
947	375
947	412
947	519
947	636
947	638
947	662
947	703
947	721
947	732
947	752
947	793
947	799
947	811
947	847
947	860
947	868
947	883
947	898
947	899
947	942
947	967
947	975
947	989
947	993
947	994
948	48
948	59
948	69
948	97
948	135
948	228
948	249
948	276
948	299
948	410
948	415
948	594
948	640
948	709
948	761
948	775
948	788
948	821
948	832
948	847
948	849
948	867
948	880
948	898
948	937
948	945
948	954
948	957
948	973
948	999
949	198
949	212
949	214
949	249
949	288
949	373
949	377
949	439
949	454
949	483
949	535
949	537
949	606
949	646
949	676
949	683
949	720
949	812
949	827
949	836
949	872
949	901
949	939
949	943
949	950
949	959
949	979
949	981
949	992
949	995
950	2
950	103
950	209
950	246
950	345
950	431
950	447
950	455
950	527
950	590
950	595
950	654
950	686
950	718
950	749
950	798
950	817
950	851
950	860
950	877
950	884
950	903
950	949
950	957
950	958
950	959
950	963
950	966
950	967
950	988
950	999
951	88
951	90
951	347
951	352
951	398
951	428
951	480
951	481
951	502
951	518
951	545
951	560
951	573
951	605
951	642
951	690
951	714
951	754
951	758
951	783
951	790
951	816
951	818
951	839
951	889
951	890
951	904
951	912
951	939
951	979
951	995
952	45
952	100
952	216
952	229
952	235
952	239
952	390
952	412
952	539
952	544
952	545
952	613
952	734
952	762
952	805
952	808
952	817
952	850
952	868
952	913
952	916
952	917
952	928
952	929
952	935
952	936
952	944
952	969
952	970
952	985
952	991
953	105
953	147
953	180
953	201
953	256
953	265
953	295
953	351
953	512
953	591
953	630
953	730
953	750
953	769
953	776
953	810
953	811
953	824
953	838
953	857
953	868
953	881
953	898
953	916
953	918
953	923
953	967
953	971
953	988
953	989
953	993
954	92
954	103
954	121
954	272
954	307
954	365
954	442
954	449
954	465
954	595
954	607
954	644
954	655
954	677
954	688
954	726
954	745
954	788
954	839
954	871
954	896
954	897
954	917
954	927
954	938
954	948
954	955
954	975
954	987
954	994
954	999
955	57
955	61
955	97
955	258
955	265
955	291
955	350
955	386
955	397
955	486
955	528
955	595
955	610
955	709
955	731
955	759
955	771
955	879
955	881
955	897
955	909
955	913
955	916
955	939
955	942
955	943
955	954
955	960
955	980
955	981
955	991
956	1
956	96
956	183
956	193
956	254
956	271
956	383
956	478
956	566
956	678
956	691
956	701
956	711
956	715
956	745
956	780
956	820
956	825
956	833
956	841
956	877
956	907
956	909
956	940
956	961
956	966
956	979
956	984
956	985
956	996
956	1000
957	3
957	21
957	58
957	128
957	226
957	229
957	232
957	317
957	329
957	374
957	483
957	538
957	590
957	607
957	612
957	676
957	693
957	727
957	763
957	768
957	806
957	835
957	847
957	853
957	875
957	893
957	938
957	948
957	950
957	962
957	988
957	996
958	43
958	99
958	113
958	229
958	366
958	399
958	528
958	558
958	604
958	623
958	625
958	686
958	726
958	735
958	763
958	777
958	791
958	793
958	862
958	865
958	886
958	887
958	893
958	897
958	912
958	950
958	977
958	988
958	990
958	994
958	995
958	998
959	18
959	46
959	84
959	104
959	127
959	153
959	270
959	318
959	414
959	466
959	558
959	568
959	596
959	628
959	643
959	706
959	724
959	732
959	733
959	750
959	820
959	831
959	844
959	890
959	922
959	931
959	932
959	949
959	950
959	970
959	992
959	995
960	94
960	207
960	286
960	309
960	321
960	415
960	442
960	448
960	479
960	585
960	592
960	627
960	669
960	700
960	731
960	739
960	743
960	760
960	794
960	818
960	841
960	850
960	892
960	909
960	917
960	935
960	938
960	955
960	971
960	973
960	996
960	999
961	23
961	179
961	229
961	238
961	319
961	324
961	353
961	365
961	390
961	485
961	488
961	548
961	644
961	659
961	705
961	761
961	830
961	837
961	838
961	842
961	853
961	857
961	870
961	889
961	892
961	895
961	906
961	924
961	941
961	946
961	956
961	964
961	991
962	73
962	175
962	188
962	230
962	243
962	303
962	347
962	351
962	378
962	389
962	501
962	504
962	560
962	646
962	661
962	665
962	681
962	715
962	756
962	759
962	829
962	840
962	861
962	900
962	914
962	921
962	932
962	939
962	946
962	957
962	965
962	977
962	997
962	999
963	62
963	75
963	132
963	181
963	250
963	409
963	414
963	431
963	440
963	533
963	568
963	584
963	718
963	727
963	733
963	749
963	750
963	763
963	774
963	790
963	798
963	823
963	840
963	841
963	846
963	866
963	898
963	929
963	931
963	936
963	950
963	966
963	983
963	988
964	31
964	51
964	76
964	96
964	101
964	154
964	230
964	308
964	324
964	353
964	415
964	422
964	485
964	488
964	499
964	508
964	557
964	659
964	705
964	710
964	761
964	788
964	842
964	849
964	860
964	866
964	870
964	889
964	892
964	941
964	961
964	966
964	973
964	993
965	219
965	286
965	493
965	504
965	506
965	530
965	581
965	614
965	683
965	697
965	703
965	710
965	712
965	738
965	745
965	761
965	765
965	767
965	777
965	779
965	799
965	860
965	879
965	894
965	900
965	921
965	932
965	962
965	972
965	981
965	982
965	987
965	988
965	996
965	1000
966	9
966	151
966	238
966	291
966	300
966	302
966	337
966	350
966	444
966	447
966	530
966	547
966	590
966	596
966	609
966	654
966	675
966	713
966	738
966	750
966	766
966	823
966	839
966	851
966	876
966	884
966	887
966	918
966	924
966	931
966	950
966	956
966	963
966	964
966	980
966	983
967	79
967	150
967	237
967	240
967	242
967	259
967	264
967	277
967	351
967	371
967	579
967	580
967	614
967	623
967	630
967	631
967	685
967	699
967	755
967	799
967	804
967	814
967	855
967	873
967	874
967	888
967	923
967	928
967	934
967	941
967	943
967	947
967	950
967	953
967	968
967	989
968	38
968	221
968	237
968	259
968	301
968	349
968	355
968	476
968	479
968	523
968	525
968	551
968	558
968	583
968	643
968	660
968	694
968	698
968	706
968	722
968	741
968	762
968	768
968	802
968	827
968	854
968	878
968	879
968	894
968	902
968	903
968	919
968	967
968	969
968	976
968	982
969	29
969	30
969	71
969	73
969	272
969	368
969	375
969	384
969	426
969	441
969	611
969	652
969	662
969	706
969	721
969	728
969	734
969	759
969	760
969	805
969	807
969	808
969	830
969	840
969	873
969	876
969	882
969	916
969	929
969	944
969	952
969	968
969	979
969	985
969	997
969	998
969	1000
970	120
970	124
970	196
970	277
970	338
970	363
970	426
970	531
970	553
970	562
970	587
970	598
970	620
970	628
970	657
970	670
970	692
970	706
970	738
970	746
970	826
970	839
970	840
970	850
970	856
970	866
970	902
970	915
970	925
970	929
970	938
970	944
970	952
970	959
970	971
970	979
970	991
971	120
971	122
971	139
971	160
971	310
971	317
971	339
971	384
971	527
971	564
971	580
971	598
971	618
971	620
971	689
971	703
971	712
971	770
971	826
971	830
971	832
971	846
971	850
971	851
971	882
971	904
971	905
971	928
971	929
971	935
971	944
971	953
971	960
971	970
971	981
971	984
971	986
972	77
972	129
972	165
972	463
972	495
972	509
972	515
972	524
972	579
972	659
972	697
972	706
972	710
972	714
972	720
972	745
972	771
972	794
972	806
972	807
972	814
972	817
972	841
972	860
972	861
972	866
972	870
972	891
972	899
972	930
972	937
972	939
972	940
972	942
972	965
972	975
972	996
972	997
973	50
973	66
973	243
973	297
973	299
973	323
973	340
973	471
973	477
973	513
973	529
973	669
973	689
973	728
973	731
973	777
973	796
973	851
973	864
973	871
973	881
973	884
973	891
973	910
973	924
973	933
973	942
973	945
973	948
973	960
973	964
973	975
973	979
973	981
973	992
973	994
973	995
973	999
974	11
974	12
974	25
974	210
974	214
974	282
974	283
974	355
974	382
974	404
974	432
974	458
974	523
974	597
974	603
974	645
974	665
974	674
974	677
974	692
974	703
974	724
974	782
974	813
974	828
974	849
974	863
974	867
974	875
974	876
974	886
974	914
974	934
974	943
974	987
974	988
974	989
974	995
975	69
975	102
975	116
975	210
975	339
975	389
975	397
975	429
975	490
975	513
975	575
975	591
975	644
975	739
975	746
975	758
975	792
975	794
975	808
975	814
975	834
975	862
975	872
975	881
975	887
975	896
975	897
975	898
975	909
975	912
975	944
975	946
975	947
975	954
975	972
975	973
975	983
975	994
976	82
976	106
976	141
976	204
976	234
976	265
976	292
976	453
976	536
976	538
976	578
976	615
976	617
976	636
976	706
976	724
976	740
976	744
976	767
976	789
976	804
976	832
976	897
976	899
976	908
976	913
976	921
976	929
976	930
976	943
976	968
976	979
976	984
976	990
976	991
976	993
976	997
976	998
977	10
977	70
977	152
977	197
977	202
977	269
977	284
977	289
977	311
977	318
977	347
977	383
977	398
977	423
977	451
977	506
977	514
977	542
977	553
977	592
977	645
977	671
977	743
977	749
977	753
977	764
977	778
977	795
977	797
977	847
977	849
977	852
977	872
977	910
977	918
977	958
977	962
977	993
978	19
978	75
978	154
978	157
978	167
978	257
978	262
978	368
978	412
978	494
978	517
978	539
978	570
978	571
978	637
978	663
978	687
978	692
978	693
978	699
978	729
978	751
978	752
978	775
978	827
978	835
978	874
978	885
978	888
978	905
978	910
978	915
978	917
978	927
978	938
978	942
978	984
978	991
978	997
979	24
979	97
979	112
979	127
979	290
979	370
979	411
979	429
979	448
979	452
979	496
979	508
979	566
979	567
979	656
979	672
979	694
979	696
979	780
979	825
979	833
979	838
979	841
979	843
979	855
979	863
979	870
979	907
979	949
979	951
979	956
979	969
979	970
979	973
979	976
979	984
979	988
979	994
979	1000
980	95
980	159
980	231
980	248
980	281
980	318
980	405
980	409
980	441
980	477
980	529
980	552
980	580
980	644
980	653
980	666
980	701
980	704
980	748
980	762
980	794
980	822
980	834
980	856
980	866
980	867
980	880
980	891
980	897
980	898
980	942
980	945
980	955
980	966
980	981
980	986
980	994
980	998
980	999
981	250
981	286
981	400
981	401
981	430
981	443
981	502
981	586
981	588
981	592
981	627
981	664
981	682
981	718
981	722
981	729
981	743
981	752
981	788
981	841
981	881
981	891
981	895
981	898
981	938
981	942
981	944
981	945
981	949
981	955
981	965
981	971
981	973
981	980
981	994
981	996
981	997
981	999
981	1000
982	30
982	45
982	53
982	67
982	222
982	349
982	373
982	380
982	433
982	518
982	558
982	559
982	583
982	643
982	651
982	677
982	690
982	706
982	713
982	717
982	720
982	722
982	741
982	756
982	820
982	826
982	833
982	853
982	854
982	876
982	878
982	891
982	899
982	908
982	920
982	965
982	968
982	988
982	990
983	70
983	94
983	118
983	259
983	274
983	300
983	425
983	452
983	478
983	505
983	566
983	610
983	675
983	713
983	718
983	751
983	774
983	820
983	831
983	839
983	844
983	848
983	851
983	859
983	862
983	875
983	884
983	887
983	889
983	903
983	907
983	922
983	931
983	933
983	938
983	963
983	966
983	975
983	989
983	990
984	1
984	19
984	34
984	196
984	246
984	335
984	346
984	356
984	470
984	497
984	508
984	513
984	566
984	587
984	599
984	621
984	693
984	694
984	701
984	711
984	741
984	744
984	780
984	825
984	833
984	838
984	841
984	843
984	864
984	877
984	907
984	931
984	956
984	971
984	976
984	978
984	979
984	987
984	990
984	991
984	999
985	14
985	171
985	228
985	362
985	495
985	541
985	561
985	587
985	620
985	666
985	689
985	693
985	728
985	737
985	738
985	757
985	759
985	783
985	788
985	799
985	801
985	802
985	805
985	808
985	820
985	826
985	837
985	848
985	858
985	906
985	915
985	928
985	929
985	942
985	944
985	952
985	956
985	969
985	997
985	999
985	1000
986	169
986	174
986	207
986	213
986	267
986	275
986	352
986	363
986	366
986	442
986	482
986	486
986	491
986	541
986	544
986	550
986	567
986	587
986	620
986	652
986	670
986	689
986	701
986	711
986	713
986	738
986	759
986	760
986	771
986	805
986	826
986	850
986	900
986	928
986	934
986	944
986	971
986	980
986	987
986	997
986	998
987	5
987	87
987	134
987	158
987	167
987	187
987	195
987	233
987	298
987	379
987	416
987	432
987	458
987	497
987	511
987	516
987	521
987	589
987	597
987	645
987	674
987	677
987	735
987	782
987	814
987	815
987	828
987	833
987	845
987	849
987	853
987	863
987	875
987	876
987	885
987	940
987	954
987	965
987	974
987	984
987	986
987	988
988	21
988	313
988	320
988	321
988	374
988	375
988	398
988	401
988	420
988	443
988	556
988	599
988	604
988	612
988	686
988	701
988	707
988	726
988	727
988	735
988	793
988	817
988	835
988	836
988	847
988	853
988	859
988	863
988	865
988	881
988	893
988	911
988	919
988	950
988	953
988	957
988	958
988	963
988	965
988	974
988	979
988	982
988	987
988	996
989	7
989	20
989	109
989	135
989	184
989	239
989	305
989	309
989	451
989	500
989	509
989	539
989	569
989	573
989	579
989	593
989	597
989	607
989	662
989	685
989	769
989	776
989	787
989	794
989	798
989	812
989	824
989	868
989	883
989	916
989	923
989	932
989	934
989	938
989	945
989	947
989	953
989	967
989	974
989	983
989	992
989	993
989	999
989	1000
990	54
990	56
990	260
990	261
990	281
990	376
990	392
990	403
990	443
990	484
990	485
990	515
990	517
990	536
990	538
990	542
990	555
990	556
990	578
990	617
990	645
990	699
990	700
990	737
990	781
990	804
990	832
990	858
990	863
990	864
990	868
990	880
990	899
990	908
990	911
990	913
990	919
990	930
990	941
990	958
990	976
990	982
990	983
990	984
990	998
990	1000
991	118
991	146
991	206
991	207
991	248
991	338
991	360
991	421
991	438
991	462
991	515
991	517
991	520
991	553
991	600
991	614
991	649
991	655
991	661
991	663
991	664
991	714
991	723
991	767
991	771
991	816
991	821
991	849
991	857
991	860
991	870
991	873
991	884
991	892
991	922
991	932
991	937
991	952
991	955
991	961
991	970
991	976
991	978
991	984
991	996
991	1000
992	17
992	24
992	26
992	33
992	45
992	78
992	103
992	109
992	186
992	224
992	245
992	292
992	332
992	378
992	392
992	419
992	436
992	472
992	481
992	487
992	489
992	531
992	563
992	599
992	602
992	633
992	667
992	682
992	684
992	725
992	736
992	756
992	766
992	777
992	803
992	902
992	904
992	914
992	915
992	918
992	929
992	943
992	949
992	959
992	973
992	989
992	993
993	79
993	141
993	184
993	211
993	240
993	259
993	263
993	277
993	278
993	309
993	336
993	406
993	413
993	427
993	465
993	487
993	510
993	593
993	610
993	631
993	641
993	649
993	695
993	732
993	739
993	769
993	787
993	809
993	811
993	814
993	839
993	854
993	865
993	868
993	878
993	883
993	890
993	896
993	909
993	918
993	934
993	947
993	953
993	964
993	976
993	977
993	989
993	992
994	4
994	17
994	51
994	128
994	145
994	156
994	203
994	264
994	297
994	318
994	340
994	353
994	361
994	410
994	432
994	504
994	523
994	532
994	544
994	552
994	589
994	653
994	695
994	719
994	796
994	832
994	833
994	871
994	875
994	888
994	891
994	897
994	898
994	905
994	909
994	917
994	921
994	923
994	930
994	942
994	947
994	954
994	958
994	973
994	975
994	979
994	980
994	981
994	999
995	40
995	74
995	77
995	98
995	138
995	160
995	183
995	397
995	419
995	441
995	498
995	545
995	577
995	591
995	602
995	640
995	641
995	645
995	660
995	680
995	703
995	721
995	728
995	730
995	753
995	772
995	782
995	786
995	797
995	802
995	822
995	829
995	855
995	871
995	872
995	882
995	894
995	897
995	901
995	926
995	936
995	943
995	945
995	949
995	951
995	958
995	959
995	973
995	974
996	91
996	118
996	136
996	148
996	151
996	171
996	230
996	283
996	302
996	305
996	338
996	427
996	431
996	468
996	478
996	501
996	504
996	512
996	581
996	589
996	621
996	655
996	661
996	663
996	664
996	667
996	674
996	697
996	710
996	751
996	806
996	826
996	827
996	831
996	857
996	861
996	883
996	924
996	927
996	932
996	956
996	957
996	960
996	965
996	972
996	981
996	988
996	991
996	1000
997	68
997	200
997	209
997	251
997	256
997	362
997	379
997	394
997	447
997	507
997	521
997	545
997	551
997	562
997	572
997	587
997	617
997	618
997	633
997	648
997	663
997	691
997	734
997	738
997	770
997	778
997	780
997	784
997	811
997	826
997	858
997	866
997	868
997	882
997	889
997	907
997	923
997	928
997	929
997	935
997	962
997	969
997	972
997	976
997	978
997	981
997	985
997	986
997	999
998	16
998	29
998	43
998	56
998	71
998	118
998	130
998	132
998	143
998	182
998	281
998	292
998	402
998	403
998	454
998	457
998	484
998	522
998	556
998	561
998	615
998	636
998	651
998	700
998	707
998	719
998	726
998	746
998	751
998	789
998	792
998	804
998	832
998	864
998	870
998	896
998	897
998	907
998	908
998	910
998	911
998	913
998	919
998	958
998	969
998	976
998	980
998	986
998	990
999	219
999	247
999	250
999	264
999	277
999	284
999	288
999	297
999	397
999	405
999	463
999	471
999	484
999	563
999	565
999	595
999	621
999	644
999	664
999	694
999	705
999	734
999	739
999	743
999	771
999	821
999	829
999	881
999	891
999	898
999	909
999	913
999	917
999	938
999	942
999	944
999	945
999	948
999	950
999	954
999	960
999	962
999	973
999	980
999	981
999	984
999	985
999	989
999	994
999	997
1000	77
1000	124
1000	126
1000	236
1000	330
1000	367
1000	434
1000	471
1000	501
1000	504
1000	507
1000	515
1000	549
1000	550
1000	553
1000	555
1000	600
1000	602
1000	661
1000	663
1000	664
1000	677
1000	705
1000	712
1000	724
1000	728
1000	779
1000	807
1000	816
1000	842
1000	865
1000	868
1000	883
1000	898
1000	906
1000	921
1000	922
1000	924
1000	926
1000	937
1000	956
1000	965
1000	969
1000	979
1000	981
1000	985
1000	989
1000	990
1000	991
1000	996
