1	174
1	504
1	698
1	970
2	268
2	722
2	915
2	998
3	294
3	446
3	844
3	989
4	30
4	497
4	778
4	989
5	440
5	965
5	977
5	985
6	182
6	592
6	872
6	952
7	307
7	694
7	837
7	846
8	229
8	954
8	999
8	1000
9	96
9	108
9	962
9	976
10	735
10	774
10	853
10	974
11	235
11	587
11	609
11	858
12	598
12	858
12	898
12	978
13	85
13	477
13	884
13	955
14	217
14	265
14	588
14	885
15	174
15	776
15	867
15	959
16	223
16	291
16	881
16	941
17	922
17	931
17	978
17	990
18	612
18	791
18	896
18	972
19	277
19	910
19	931
19	992
20	246
20	302
20	852
20	882
21	645
21	781
21	868
21	988
22	652
22	833
22	956
22	969
23	646
23	936
23	963
23	987
24	134
24	484
24	783
24	946
25	62
25	332
25	390
25	877
26	129
26	257
26	858
26	869
27	646
27	767
27	783
27	920
28	140
28	353
28	909
28	941
29	493
29	875
29	979
29	984
30	4
30	688
30	956
30	975
31	758
31	806
31	854
31	944
32	73
32	789
32	856
32	863
33	90
33	682
33	930
33	1000
34	782
34	880
34	974
34	993
35	522
35	660
35	908
35	996
36	53
36	966
36	977
36	986
37	176
37	676
37	789
37	991
38	175
38	371
38	760
38	945
39	450
39	825
39	898
39	979
40	173
40	520
40	675
40	724
41	889
41	971
41	989
41	999
42	434
42	803
42	892
42	993
43	469
43	598
43	975
43	991
44	696
44	783
44	846
44	985
45	766
45	776
45	778
45	997
46	594
46	841
46	924
46	980
47	227
47	939
47	956
47	967
48	458
48	822
48	853
48	928
49	136
49	880
49	899
49	941
50	903
50	937
50	955
50	986
51	386
51	500
51	630
51	930
52	528
52	681
52	894
52	971
53	36
53	632
53	739
53	972
54	505
54	834
54	964
54	998
55	448
55	841
55	870
55	980
56	480
56	516
56	602
56	890
57	241
57	742
57	867
57	887
58	660
58	772
58	911
58	946
59	385
59	500
59	945
59	947
60	638
60	774
60	972
60	993
61	605
61	850
61	905
61	973
62	25
62	479
62	746
62	882
63	735
63	896
63	904
63	918
64	698
64	738
64	876
64	975
65	577
65	794
65	806
65	955
66	163
66	934
66	994
66	997
67	112
67	504
67	633
67	671
68	249
68	771
68	803
68	952
69	921
69	970
69	973
69	996
70	426
70	874
70	928
70	987
71	365
71	641
71	695
71	893
72	213
72	496
72	814
72	999
73	32
73	937
73	946
73	981
74	78
74	228
74	405
74	902
75	448
75	950
75	991
75	998
76	80
76	305
76	367
76	559
77	909
77	948
77	963
77	984
78	74
78	700
78	945
78	994
79	529
79	856
79	892
79	912
80	76
80	722
80	884
80	956
81	106
81	379
81	962
81	980
82	664
82	926
82	977
82	993
83	355
83	752
83	787
83	852
84	502
84	508
84	857
84	985
85	13
85	655
85	796
85	975
86	473
86	539
86	656
86	953
87	584
87	965
87	991
87	998
88	668
88	740
88	781
88	930
89	736
89	746
89	980
89	981
90	33
90	676
90	989
90	999
91	364
91	892
91	988
91	995
92	435
92	823
92	944
92	956
93	751
93	865
93	912
93	970
94	287
94	821
94	933
94	958
95	220
95	871
95	964
95	981
96	9
96	270
96	492
96	853
97	628
97	643
97	968
97	987
98	783
98	841
98	916
98	933
99	192
99	577
99	757
99	868
100	480
100	650
100	949
100	984
101	842
101	853
101	875
101	894
102	655
102	858
102	929
102	962
103	636
103	735
103	772
103	903
104	496
104	731
104	821
104	905
105	377
105	756
105	866
105	949
106	81
106	950
106	990
106	991
107	154
107	320
107	552
107	919
108	9
108	376
108	847
108	921
109	238
109	485
109	533
109	804
110	575
110	755
110	849
110	952
111	751
111	874
111	932
111	981
112	67
112	783
112	920
112	931
113	285
113	525
113	762
113	862
114	386
114	469
114	654
114	793
115	334
115	501
115	624
115	951
116	207
116	771
116	957
116	973
117	711
117	723
117	790
117	989
118	281
118	764
118	794
118	908
119	434
119	564
119	904
119	958
120	141
120	444
120	924
120	945
121	268
121	784
121	793
121	938
122	199
122	965
122	975
122	984
123	539
123	577
123	837
123	993
124	481
124	642
124	676
124	935
125	195
125	681
125	756
125	882
126	498
126	514
126	854
126	930
127	515
127	787
127	916
127	974
128	405
128	686
128	858
128	987
129	26
129	855
129	946
129	947
130	861
130	891
130	909
130	981
131	687
131	759
131	868
131	997
132	617
132	887
132	893
132	945
133	416
133	726
133	762
133	914
134	24
134	939
134	959
134	997
135	347
135	503
135	796
135	863
136	49
136	719
136	932
136	980
137	409
137	649
137	729
137	966
138	419
138	556
138	903
138	974
139	458
139	721
139	809
139	902
140	28
140	290
140	392
140	529
141	120
141	648
141	908
141	919
142	659
142	882
142	909
142	993
143	689
143	978
143	989
143	990
144	599
144	762
144	914
144	951
145	340
145	429
145	586
145	928
146	816
146	861
146	921
146	984
147	211
147	330
147	499
147	961
148	218
148	608
148	965
148	998
149	678
149	788
149	994
149	998
150	795
150	843
150	907
150	994
151	462
151	959
151	960
151	997
152	433
152	738
152	789
152	942
153	319
153	932
153	977
153	998
154	107
154	468
154	494
154	945
155	475
155	810
155	942
155	950
156	525
156	888
156	923
156	964
157	914
157	927
157	964
157	989
158	857
158	930
158	943
158	949
159	256
159	320
159	798
159	914
160	813
160	815
160	991
160	995
161	240
161	727
161	840
161	888
162	420
162	593
162	925
162	987
163	66
163	548
163	713
163	996
164	528
164	830
164	943
164	963
165	314
165	621
165	929
165	993
166	782
166	807
166	838
166	976
167	337
167	431
167	723
167	949
168	711
168	764
168	887
168	988
169	410
169	719
169	820
169	859
170	209
170	850
170	957
170	961
171	473
171	773
171	992
171	999
172	921
172	933
172	962
172	963
173	40
173	215
173	619
173	995
174	1
174	15
174	483
174	863
175	38
175	649
175	769
175	949
176	37
176	744
176	830
176	994
177	502
177	862
177	959
177	997
178	606
178	761
178	928
178	997
179	476
179	782
179	909
179	980
180	600
180	611
180	686
180	950
181	384
181	391
181	679
181	988
182	6
182	369
182	941
182	978
183	381
183	697
183	844
183	993
184	520
184	813
184	902
184	929
185	298
185	408
185	539
185	953
186	204
186	939
186	940
186	942
187	743
187	891
187	926
187	977
188	786
188	898
188	917
188	953
189	539
189	796
189	848
189	856
190	285
190	608
190	666
190	685
191	319
191	779
191	907
191	927
192	99
192	273
192	582
192	952
193	484
193	485
193	959
193	988
194	785
194	824
194	953
194	990
195	125
195	839
195	897
195	906
196	704
196	744
196	894
196	972
197	359
197	360
197	904
197	957
198	471
198	579
198	896
198	953
199	122
199	362
199	476
199	697
200	936
200	945
200	985
200	996
201	416
201	883
201	889
201	968
202	596
202	859
202	936
202	972
203	213
203	346
203	877
203	977
204	186
204	733
204	911
204	981
205	491
205	763
205	889
205	997
206	681
206	714
206	760
206	944
207	116
207	532
207	823
207	940
208	632
208	777
208	876
208	927
209	170
209	824
209	976
209	999
210	300
210	951
210	982
210	998
211	147
211	938
211	993
211	995
212	613
212	840
212	970
212	998
213	72
213	203
213	383
213	852
214	810
214	952
214	965
214	991
215	173
215	787
215	834
215	879
216	304
216	319
216	975
216	991
217	14
217	777
217	908
217	972
218	148
218	773
218	917
218	997
219	222
219	545
219	809
219	995
220	95
220	222
220	245
220	538
221	520
221	700
221	720
221	884
222	219
222	220
222	395
222	997
223	16
223	362
223	433
223	798
224	286
224	760
224	902
224	982
225	578
225	602
225	625
225	984
226	624
226	778
226	897
226	966
227	47
227	686
227	773
227	776
228	74
228	668
228	717
228	944
229	8
229	926
229	945
229	980
230	483
230	514
230	933
230	962
231	406
231	938
231	946
231	963
232	605
232	758
232	806
232	896
233	349
233	820
233	938
233	951
233	995
234	332
234	589
234	619
234	786
234	829
235	11
235	274
235	424
235	879
235	972
236	613
236	745
236	865
236	952
236	965
237	496
237	610
237	702
237	770
237	963
238	109
238	653
238	676
238	689
238	989
239	525
239	603
239	894
239	935
239	993
240	161
240	323
240	354
240	749
240	942
241	57
241	786
241	916
241	951
241	971
242	709
242	901
242	902
242	914
242	967
243	540
243	710
243	741
243	932
243	972
244	333
244	663
244	889
244	919
244	979
245	220
245	499
245	819
245	912
245	939
246	20
246	540
246	812
246	840
246	942
247	338
247	619
247	886
247	966
247	973
248	472
248	548
248	947
248	954
248	1000
249	68
249	741
249	880
249	910
249	913
250	487
250	809
250	920
250	932
250	960
251	365
251	408
251	811
251	965
251	991
252	268
252	801
252	934
252	938
252	1000
253	689
253	828
253	915
253	986
253	992
254	656
254	848
254	871
254	944
254	988
255	427
255	472
255	935
255	984
255	994
256	159
256	517
256	929
256	978
256	990
257	26
257	758
257	924
257	934
257	985
258	544
258	851
258	882
258	908
258	1000
259	793
259	864
259	881
259	984
259	995
260	699
260	714
260	796
260	847
260	942
261	739
261	747
261	862
261	918
261	935
262	599
262	839
262	871
262	961
262	990
263	357
263	381
263	639
263	962
263	963
264	506
264	596
264	876
264	897
264	999
265	14
265	618
265	818
265	940
265	994
266	267
266	472
266	544
266	750
266	754
267	266
267	724
267	882
267	935
267	997
268	2
268	121
268	252
268	475
268	943
269	457
269	811
269	875
269	948
269	971
270	96
270	474
270	879
270	954
270	958
271	782
271	943
271	946
271	952
271	989
272	394
272	578
272	884
272	892
272	925
273	192
273	643
273	773
273	800
273	936
274	235
274	707
274	915
274	943
274	980
275	588
275	624
275	934
275	943
275	994
276	822
276	905
276	929
276	994
276	995
277	19
277	922
277	978
277	979
277	990
278	639
278	864
278	917
278	933
278	992
279	741
279	803
279	838
279	863
279	951
280	622
280	745
280	931
280	959
280	997
281	118
281	779
281	945
281	988
281	999
282	539
282	849
282	898
282	912
282	930
283	418
283	508
283	713
283	945
283	999
284	731
284	744
284	961
284	978
284	990
285	113
285	190
285	645
285	899
285	900
286	224
286	566
286	815
286	858
286	989
287	94
287	352
287	427
287	914
287	960
288	538
288	840
288	927
288	937
288	946
289	310
289	815
289	838
289	919
289	956
290	140
290	448
290	620
290	630
290	731
291	16
291	490
291	594
291	903
291	987
292	875
292	969
292	982
292	997
292	999
293	827
293	877
293	915
293	920
293	933
294	3
294	623
294	913
294	982
294	984
295	488
295	584
295	766
295	911
295	974
296	876
296	959
296	961
296	969
296	978
297	349
297	479
297	792
297	875
297	965
298	185
298	429
298	694
298	975
298	984
299	640
299	683
299	685
299	845
299	943
300	210
300	575
300	730
300	787
300	792
301	790
301	893
301	901
301	940
301	998
302	20
302	362
302	790
302	911
302	1000
303	324
303	922
303	934
303	957
303	994
304	216
304	830
304	931
304	936
304	978
305	76
305	735
305	772
305	832
305	983
306	508
306	743
306	775
306	923
306	989
307	7
307	464
307	477
307	937
307	993
308	710
308	743
308	832
308	867
308	878
309	311
309	585
309	770
309	900
309	922
310	289
310	392
310	864
310	876
310	976
311	309
311	560
311	572
311	743
311	923
312	611
312	710
312	746
312	793
312	917
313	400
313	494
313	713
313	897
313	916
314	165
314	808
314	929
314	974
314	985
315	710
315	797
315	853
315	887
315	988
316	434
316	489
316	576
316	878
316	899
317	376
317	659
317	867
317	891
317	971
318	378
318	553
318	750
318	990
318	994
319	153
319	191
319	216
319	568
319	991
320	107
320	159
320	722
320	809
320	967
321	846
321	911
321	924
321	955
321	974
322	734
322	868
322	885
322	945
322	970
323	240
323	440
323	749
323	812
323	877
324	303
324	852
324	934
324	990
324	994
325	948
325	957
325	971
325	984
325	994
326	477
326	597
326	799
326	955
326	993
327	354
327	582
327	886
327	959
327	997
328	413
328	675
328	718
328	814
328	918
329	869
329	927
329	948
329	988
329	1000
330	147
330	590
330	722
330	978
330	990
331	681
331	728
331	862
331	972
331	998
332	25
332	234
332	960
332	967
332	998
333	244
333	569
333	719
333	918
333	987
334	115
334	759
334	800
334	815
334	956
335	361
335	636
335	818
335	822
335	966
336	557
336	851
336	935
336	989
336	1000
337	167
337	538
337	734
337	894
337	912
338	247
338	543
338	909
338	971
338	979
339	375
339	646
339	895
339	956
339	982
340	145
340	504
340	893
340	921
340	995
341	436
341	703
341	788
341	878
341	932
342	393
342	557
342	900
342	918
342	961
343	450
343	678
343	859
343	969
343	975
344	680
344	692
344	839
344	881
344	993
345	524
345	753
345	780
345	918
345	931
346	203
346	800
346	857
346	873
346	882
347	135
347	596
347	756
347	925
347	992
348	564
348	831
348	861
348	964
348	977
349	233
349	297
349	689
349	930
349	995
350	383
350	763
350	950
350	987
350	998
351	501
351	795
351	842
351	994
351	1000
352	287
352	470
352	907
352	966
352	973
353	28
353	867
353	912
353	941
353	991
354	240
354	327
354	606
354	691
354	945
355	83
355	524
355	852
355	935
355	989
356	629
356	644
356	733
356	902
356	946
357	263
357	444
357	711
357	961
357	990
358	767
358	832
358	968
358	996
358	998
359	197
359	644
359	911
359	918
359	993
360	197
360	692
360	896
360	957
360	989
361	335
361	850
361	976
361	989
361	1000
362	199
362	223
362	302
362	615
362	709
363	655
363	869
363	937
363	941
363	967
364	91
364	869
364	903
364	929
364	974
365	71
365	251
365	751
365	845
365	951
366	667
366	683
366	737
366	927
366	948
366	977
367	76
367	514
367	526
367	718
367	899
367	960
368	463
368	471
368	922
368	991
368	992
368	998
369	182
369	382
369	951
369	960
369	975
369	999
370	583
370	636
370	831
370	949
370	971
370	975
371	38
371	760
371	789
371	794
371	887
371	924
372	461
372	607
372	753
372	882
372	936
372	974
373	676
373	800
373	828
373	852
373	947
373	965
374	682
374	924
374	927
374	945
374	954
374	989
375	339
375	542
375	855
375	862
375	881
375	981
376	108
376	317
376	950
376	987
376	991
376	998
377	105
377	885
377	977
377	985
377	986
377	999
378	318
378	567
378	692
378	893
378	979
378	995
379	81
379	423
379	538
379	770
379	915
379	970
380	684
380	731
380	959
380	968
380	984
380	986
381	183
381	263
381	573
381	774
381	993
381	999
382	369
382	734
382	832
382	866
382	933
382	981
383	213
383	350
383	905
383	949
383	974
383	983
384	181
384	603
384	604
384	675
384	976
384	995
385	59
385	716
385	747
385	862
385	925
385	965
386	51
386	114
386	500
386	669
386	870
386	991
387	600
387	610
387	762
387	842
387	981
387	983
388	507
388	761
388	799
388	899
388	947
388	960
389	463
389	604
389	731
389	965
389	991
389	998
390	25
390	647
390	888
390	890
390	947
390	986
391	181
391	533
391	828
391	844
391	971
391	992
392	140
392	310
392	872
392	935
392	949
392	962
393	342
393	740
393	898
393	900
393	916
393	924
394	272
394	653
394	843
394	862
394	934
394	994
395	222
395	426
395	530
395	884
395	907
395	997
396	481
396	728
396	933
396	939
396	969
396	976
397	493
397	656
397	896
397	918
397	952
397	953
398	782
398	843
398	915
398	916
398	918
398	940
399	771
399	919
399	944
399	953
399	976
399	981
400	313
400	534
400	808
400	926
400	980
400	996
401	421
401	637
401	738
401	905
401	989
401	999
402	643
402	680
402	890
402	926
402	992
402	997
403	512
403	823
403	884
403	903
403	914
403	932
404	613
404	840
404	883
404	964
404	992
404	993
405	74
405	128
405	661
405	884
405	927
405	939
406	231
406	641
406	771
406	896
406	936
406	976
407	451
407	768
407	905
407	940
407	941
407	994
408	185
408	251
408	703
408	732
408	991
408	998
409	137
409	652
409	829
409	928
409	959
409	997
410	169
410	617
410	730
410	791
410	979
410	990
411	482
411	686
411	788
411	836
411	896
411	910
412	900
412	925
412	928
412	931
412	992
412	1000
413	328
413	538
413	753
413	832
413	920
413	982
414	488
414	590
414	625
414	829
414	948
414	995
415	926
415	928
415	959
415	969
415	996
415	997
416	133
416	201
416	889
416	956
416	991
416	998
417	712
417	939
417	940
417	944
417	955
417	978
418	283
418	440
418	734
418	748
418	762
418	784
419	138
419	879
419	887
419	938
419	957
419	988
420	162
420	726
420	861
420	874
420	992
420	1000
421	401
421	514
421	885
421	934
421	983
421	987
422	545
422	754
422	924
422	966
422	996
422	997
423	379
423	549
423	781
423	830
423	935
423	983
424	235
424	523
424	712
424	889
424	908
424	965
425	465
425	802
425	955
425	966
425	974
425	985
426	70
426	395
426	675
426	708
426	928
426	997
427	255
427	287
427	760
427	899
427	967
427	998
428	487
428	672
428	813
428	875
428	917
428	933
429	145
429	298
429	730
429	912
429	944
429	982
430	447
430	594
430	743
430	756
430	786
430	929
431	167
431	688
431	832
431	944
431	983
431	996
432	566
432	597
432	611
432	825
432	942
432	996
433	152
433	223
433	865
433	941
433	958
433	960
434	42
434	119
434	316
434	833
434	914
434	931
435	92
435	459
435	793
435	881
435	907
435	930
436	341
436	455
436	675
436	879
436	924
436	995
437	438
437	784
437	858
437	928
437	943
437	981
438	437
438	602
438	803
438	870
438	915
438	930
439	583
439	773
439	775
439	916
439	985
439	996
440	5
440	323
440	418
440	870
440	888
440	898
441	641
441	676
441	787
441	911
441	994
441	995
442	797
442	889
442	920
442	965
442	991
442	998
443	617
443	743
443	772
443	964
443	986
443	1000
444	120
444	357
444	455
444	879
444	893
444	988
445	513
445	897
445	948
445	975
445	982
445	990
446	3
446	520
446	878
446	971
446	975
446	992
447	430
447	551
447	776
447	837
447	929
447	985
448	55
448	75
448	290
448	608
448	855
448	920
449	558
449	566
449	814
449	869
449	930
449	937
450	39
450	343
450	761
450	791
450	941
450	968
451	407
451	466
451	708
451	929
451	959
451	997
452	479
452	669
452	843
452	938
452	985
452	986
453	563
453	733
453	884
453	940
453	969
453	985
454	717
454	735
454	910
454	948
454	971
454	979
455	436
455	444
455	609
455	734
455	988
455	997
456	536
456	801
456	841
456	903
456	988
456	995
457	269
457	527
457	727
457	889
457	927
457	965
458	48
458	139
458	622
458	781
458	897
458	912
459	435
459	586
459	722
459	764
459	868
459	988
460	500
460	608
460	905
460	934
460	958
460	994
461	372
461	476
461	689
461	948
461	974
461	992
462	151
462	595
462	704
462	782
462	802
462	835
463	368
463	389
463	623
463	712
463	887
463	991
464	307
464	510
464	851
464	955
464	972
464	980
465	425
465	626
465	715
465	864
465	935
465	974
466	451
466	652
466	664
466	798
466	928
466	997
467	600
467	748
467	890
467	950
467	982
467	995
468	154
468	788
468	859
468	898
468	921
468	970
469	43
469	114
469	479
469	772
469	953
469	954
470	352
470	723
470	886
470	956
470	982
470	997
471	198
471	368
471	902
471	961
471	978
471	990
472	248
472	255
472	266
472	608
472	768
472	882
473	86
473	171
473	597
473	773
473	928
473	932
474	270
474	741
474	904
474	910
474	976
474	990
475	155
475	268
475	768
475	798
475	799
475	951
476	179
476	199
476	461
476	855
476	953
476	993
477	13
477	307
477	326
477	600
477	818
477	860
478	570
478	696
478	725
478	916
478	954
478	980
479	62
479	297
479	452
479	469
479	852
479	940
480	56
480	100
480	846
480	941
480	964
480	977
481	124
481	396
481	555
481	606
481	871
481	994
482	411
482	897
482	899
482	966
482	973
482	997
483	174
483	230
483	655
483	788
483	883
483	963
484	24
484	193
484	619
484	844
484	866
484	933
485	109
485	193
485	751
485	797
485	820
485	938
486	642
486	724
486	941
486	960
486	969
486	970
487	250
487	428
487	856
487	898
487	917
487	961
488	295
488	414
488	794
488	911
488	942
488	993
489	316
489	559
489	814
489	952
489	954
489	1000
490	291
490	696
490	724
490	774
490	974
490	978
491	205
491	580
491	622
491	727
491	914
491	932
492	96
492	872
492	908
492	935
492	940
492	982
493	29
493	397
493	666
493	804
493	839
493	919
494	154
494	313
494	726
494	891
494	964
494	977
495	735
495	820
495	850
495	929
495	943
495	955
495	993
496	72
496	104
496	237
496	616
496	721
496	978
496	980
497	4
497	754
497	908
497	912
497	927
497	976
497	989
498	126
498	733
498	763
498	781
498	857
498	863
498	921
499	147
499	245
499	521
499	876
499	884
499	901
499	969
500	51
500	59
500	386
500	460
500	801
500	820
500	855
501	115
501	351
501	660
501	709
501	802
501	838
501	988
502	84
502	177
502	617
502	755
502	874
502	890
502	949
503	135
503	586
503	741
503	821
503	872
503	952
503	976
504	1
504	67
504	340
504	789
504	885
504	990
504	994
505	54
505	637
505	853
505	869
505	903
505	912
505	1000
506	264
506	576
506	764
506	860
506	883
506	906
506	996
507	388
507	700
507	702
507	912
507	914
507	951
507	967
508	84
508	283
508	306
508	603
508	688
508	797
508	809
509	701
509	714
509	777
509	883
509	894
509	947
509	996
510	464
510	519
510	541
510	572
510	696
510	966
510	980
511	544
511	729
511	791
511	839
511	897
511	937
511	973
512	403
512	526
512	616
512	703
512	751
512	873
512	965
513	445
513	519
513	886
513	960
513	969
513	975
513	979
514	126
514	230
514	367
514	421
514	830
514	832
514	992
515	127
515	544
515	547
515	824
515	956
515	981
515	984
516	56
516	653
516	762
516	839
516	933
516	953
516	959
517	256
517	877
517	922
517	976
517	978
517	989
517	990
518	743
518	799
518	805
518	814
518	897
518	954
518	1000
519	510
519	513
519	634
519	736
519	786
519	831
519	975
520	40
520	184
520	221
520	446
520	677
520	819
520	969
521	499
521	537
521	769
521	809
521	936
521	960
521	970
522	35
522	642
522	671
522	857
522	932
522	967
522	971
523	424
523	727
523	780
523	852
523	905
523	950
523	979
524	345
524	355
524	571
524	802
524	931
524	965
524	977
525	113
525	156
525	239
525	732
525	828
525	983
525	987
526	367
526	512
526	559
526	659
526	774
526	932
526	991
527	457
527	784
527	889
527	912
527	921
527	991
527	998
528	52
528	164
528	748
528	778
528	928
528	937
528	990
529	79
529	140
529	537
529	878
529	941
529	971
529	990
530	395
530	648
530	795
530	836
530	926
530	928
530	959
531	545
531	691
531	786
531	798
531	898
531	941
531	951
532	207
532	685
532	855
532	864
532	895
532	907
532	953
533	109
533	391
533	730
533	793
533	874
533	892
533	992
534	400
534	674
534	688
534	859
534	891
534	952
534	975
535	783
535	916
535	920
535	923
535	970
535	972
535	991
536	456
536	633
536	792
536	925
536	927
536	935
536	983
537	521
537	529
537	794
537	848
537	914
537	934
537	967
538	220
538	288
538	337
538	379
538	413
538	864
538	999
539	86
539	123
539	185
539	189
539	282
539	898
539	951
540	243
540	246
540	812
540	847
540	868
540	973
540	994
541	510
541	614
541	718
541	862
541	963
541	980
541	999
542	375
542	551
542	558
542	765
542	974
542	979
542	993
543	338
543	562
543	783
543	841
543	864
543	899
543	900
544	258
544	266
544	511
544	515
544	545
544	641
544	817
545	219
545	422
545	531
545	544
545	563
545	801
545	954
546	609
546	647
546	769
546	851
546	963
546	988
546	999
547	515
547	600
547	661
547	776
547	784
547	827
547	988
548	163
548	248
548	573
548	679
548	716
548	738
548	938
549	423
549	703
549	874
549	898
549	925
549	927
549	935
550	788
550	904
550	954
550	957
550	961
550	980
550	982
551	447
551	542
551	642
551	668
551	697
551	929
551	979
552	107
552	643
552	668
552	781
552	812
552	888
552	904
553	318
553	664
553	674
553	742
553	931
553	984
553	987
554	732
554	766
554	939
554	944
554	972
554	991
554	998
555	481
555	623
555	845
555	912
555	918
555	977
555	982
556	138
556	836
556	908
556	928
556	959
556	993
556	997
557	336
557	342
557	735
557	739
557	821
557	952
557	963
558	449
558	542
558	637
558	749
558	854
558	899
558	989
559	76
559	489
559	526
559	737
559	797
559	941
559	951
560	311
560	586
560	835
560	841
560	872
560	915
560	972
561	770
561	781
561	812
561	937
561	942
561	970
561	981
562	543
562	916
562	960
562	971
562	972
562	980
562	990
563	453
563	545
563	724
563	801
563	891
563	995
563	999
564	119
564	348
564	743
564	785
564	947
564	958
564	976
565	742
565	801
565	827
565	879
565	913
565	938
565	972
566	286
566	432
566	449
566	691
566	790
566	920
566	925
567	378
567	583
567	817
567	841
567	893
567	967
567	995
568	319
568	678
568	813
568	822
568	855
568	934
568	980
569	333
569	670
569	770
569	907
569	916
569	918
569	954
570	478
570	685
570	701
570	707
570	966
570	973
570	982
571	524
571	629
571	704
571	802
571	847
571	865
571	900
571	942
572	311
572	510
572	743
572	883
572	957
572	964
572	985
572	991
573	381
573	548
573	840
573	850
573	855
573	907
573	946
573	981
574	611
574	636
574	795
574	841
574	895
574	934
574	994
574	997
575	110
575	300
575	682
575	849
575	875
575	926
575	939
575	992
576	316
576	506
576	592
576	663
576	775
576	922
576	978
576	990
577	65
577	99
577	123
577	670
577	856
577	938
577	970
577	997
578	225
578	272
578	844
578	925
578	971
578	975
578	979
578	992
579	198
579	771
579	785
579	807
579	893
579	958
579	962
579	968
580	491
580	661
580	677
580	732
580	755
580	834
580	889
580	991
581	672
581	697
581	911
581	959
581	974
581	977
581	993
581	995
582	192
582	327
582	721
582	739
582	833
582	963
582	966
582	983
583	370
583	439
583	567
583	803
583	877
583	883
583	891
583	996
584	87
584	295
584	804
584	854
584	961
584	978
584	990
584	994
585	309
585	711
585	748
585	922
585	961
585	963
585	978
585	990
586	145
586	459
586	503
586	560
586	641
586	917
586	988
586	995
587	11
587	648
587	729
587	927
587	948
587	958
587	990
587	999
588	14
588	275
588	645
588	667
588	806
588	856
588	951
588	970
589	234
589	637
589	659
589	919
589	952
589	958
589	976
589	991
590	330
590	414
590	683
590	695
590	703
590	964
590	971
590	979
591	705
591	900
591	904
591	949
591	952
591	958
591	963
591	996
592	6
592	576
592	624
592	948
592	956
592	971
592	979
592	984
593	162
593	761
593	777
593	897
593	927
593	956
593	966
593	973
594	46
594	291
594	430
594	717
594	737
594	779
594	866
594	929
595	462
595	621
595	696
595	721
595	788
595	890
595	957
595	962
596	202
596	264
596	347
596	612
596	716
596	752
596	872
596	941
597	326
597	432
597	473
597	796
597	831
597	847
597	968
597	970
598	12
598	43
598	885
598	886
598	898
598	937
598	943
598	982
599	144
599	262
599	790
599	876
599	961
599	978
599	979
599	990
600	180
600	387
600	467
600	477
600	547
600	766
600	810
600	998
601	628
601	757
601	805
601	862
601	900
601	915
601	920
601	971
602	56
602	225
602	438
602	809
602	864
602	894
602	913
602	972
603	239
603	384
603	508
603	639
603	896
603	931
603	983
603	992
604	384
604	389
604	659
604	825
604	968
604	975
604	984
604	992
605	61
605	232
605	685
605	816
605	839
605	870
605	904
605	906
606	178
606	354
606	481
606	776
606	800
606	802
606	976
606	997
607	372
607	651
607	656
607	904
607	919
607	958
607	963
607	987
608	148
608	190
608	448
608	460
608	472
608	835
608	915
608	980
609	11
609	455
609	546
609	625
609	627
609	869
609	876
609	933
610	237
610	387
610	703
610	736
610	820
610	881
610	923
610	951
611	180
611	312
611	432
611	574
611	653
611	812
611	854
611	869
612	18
612	596
612	771
612	802
612	807
612	907
612	916
612	943
613	212
613	236
613	404
613	877
613	889
613	986
613	991
613	998
614	541
614	632
614	658
614	804
614	844
614	922
614	961
614	990
615	362
615	665
615	706
615	817
615	852
615	873
615	931
615	987
616	496
616	512
616	699
616	745
616	806
616	958
616	962
616	999
617	132
617	410
617	443
617	502
617	945
617	946
617	985
617	986
618	265
618	638
618	811
618	842
618	895
618	914
618	955
618	997
619	173
619	234
619	247
619	484
619	795
619	905
619	934
619	994
620	290
620	652
620	830
620	882
620	931
620	974
620	992
620	1000
621	165
621	595
621	666
621	834
621	868
621	957
621	958
621	962
622	280
622	458
622	491
622	649
622	836
622	950
622	959
622	997
623	294
623	463
623	555
623	795
623	927
623	940
623	976
623	982
624	115
624	226
624	275
624	592
624	793
624	819
624	966
624	973
625	225
625	414
625	609
625	649
625	882
625	947
625	985
625	996
626	465
626	762
626	830
626	894
626	930
626	937
626	941
626	946
627	609
627	797
627	893
627	954
627	995
627	997
627	999
627	1000
628	97
628	601
628	744
628	747
628	782
628	900
628	949
628	993
629	356
629	571
629	819
629	844
629	880
629	909
629	913
629	956
630	51
630	290
630	667
630	827
630	840
630	842
630	923
630	945
631	805
631	858
631	868
631	869
631	876
631	894
631	975
631	989
632	53
632	208
632	614
632	674
632	698
632	886
632	966
632	973
633	67
633	536
633	755
633	935
633	962
633	974
633	988
633	992
634	519
634	825
634	851
634	909
634	948
634	955
634	978
634	984
634	985
635	650
635	681
635	755
635	935
635	940
635	954
635	982
635	987
635	992
636	103
636	335
636	370
636	574
636	818
636	895
636	948
636	988
636	994
637	401
637	505
637	558
637	589
637	744
637	899
637	908
637	954
637	959
638	60
638	618
638	699
638	811
638	947
638	964
638	986
638	995
638	996
639	263
639	278
639	603
639	755
639	756
639	838
639	983
639	987
639	991
640	299
640	679
640	757
640	831
640	922
640	961
640	978
640	985
640	990
641	71
641	406
641	441
641	544
641	586
641	753
641	853
641	887
641	963
642	124
642	486
642	522
642	551
642	747
642	799
642	951
642	967
642	978
643	97
643	273
643	402
643	552
643	747
643	787
643	874
643	922
643	983
644	356
644	359
644	657
644	692
644	708
644	772
644	911
644	945
644	955
645	21
645	285
645	588
645	842
645	854
645	856
645	921
645	937
645	992
646	23
646	27
646	339
646	731
646	835
646	862
646	918
646	987
646	996
647	390
647	546
647	663
647	851
647	881
647	887
647	954
647	999
647	1000
648	141
648	530
648	587
648	752
648	847
648	954
648	987
648	999
648	1000
649	137
649	175
649	622
649	625
649	684
649	726
649	804
649	923
649	924
650	100
650	635
650	761
650	873
650	922
650	935
650	965
650	983
650	989
651	607
651	816
651	864
651	870
651	878
651	917
651	943
651	953
651	965
652	22
652	409
652	466
652	620
652	681
652	889
652	931
652	949
652	983
653	238
653	394
653	516
653	611
653	796
653	863
653	915
653	942
653	970
654	114
654	716
654	815
654	849
654	853
654	901
654	923
654	965
654	969
655	85
655	102
655	363
655	483
655	672
655	694
655	828
655	929
655	974
656	86
656	254
656	397
656	607
656	701
656	825
656	850
656	910
656	962
657	644
657	740
657	805
657	814
657	863
657	868
657	921
657	931
657	942
658	614
658	757
658	816
658	824
658	854
658	961
658	966
658	978
658	990
659	142
659	317
659	526
659	589
659	604
659	812
659	861
659	979
659	991
660	35
660	58
660	501
660	710
660	794
660	809
660	932
660	934
660	958
661	405
661	547
661	580
661	722
661	801
661	869
661	887
661	893
661	958
662	726
662	741
662	777
662	848
662	951
662	960
662	964
662	967
662	993
663	244
663	576
663	647
663	827
663	834
663	947
663	950
663	965
663	998
664	82
664	466
664	553
664	759
664	919
664	928
664	959
664	980
664	997
665	615
665	707
665	758
665	827
665	869
665	887
665	938
665	993
665	995
666	190
666	493
666	621
666	750
666	771
666	807
666	830
666	915
666	958
667	366
667	588
667	630
667	787
667	827
667	968
667	983
667	986
667	996
668	88
668	228
668	551
668	552
668	844
668	856
668	942
668	952
668	970
669	386
669	452
669	780
669	836
669	926
669	947
669	952
669	977
669	985
670	569
670	577
670	706
670	808
670	834
670	840
670	877
670	968
670	977
671	67
671	522
671	758
671	778
671	781
671	863
671	925
671	942
671	968
672	428
672	581
672	655
672	749
672	896
672	903
672	911
672	993
672	994
673	696
673	720
673	729
673	782
673	783
673	881
673	922
673	972
673	984
674	534
674	553
674	632
674	816
674	823
674	863
674	886
674	906
674	973
674	974
675	40
675	328
675	384
675	426
675	436
675	724
675	726
675	813
675	974
675	988
676	37
676	90
676	124
676	238
676	373
676	441
676	677
676	745
676	860
676	992
677	520
677	580
677	676
677	678
677	760
677	774
677	887
677	901
677	944
677	982
678	149
678	343
678	568
678	677
678	694
678	811
678	891
678	895
678	905
678	994
679	181
679	548
679	640
679	845
679	858
679	927
679	954
679	989
679	994
679	1000
680	344
680	402
680	739
680	800
680	812
680	830
680	925
680	987
680	992
680	996
681	52
681	125
681	206
681	331
681	635
681	652
681	706
681	736
681	884
681	992
682	33
682	374
682	575
682	848
682	914
682	922
682	948
682	954
682	968
682	1000
683	299
683	366
683	590
683	684
683	714
683	740
683	846
683	923
683	945
683	995
684	380
684	649
684	683
684	794
684	825
684	833
684	840
684	890
684	924
684	978
685	190
685	299
685	532
685	570
685	605
685	761
685	966
685	973
685	988
685	1000
686	128
686	180
686	227
686	411
686	908
686	983
686	984
686	989
686	999
686	1000
687	131
687	765
687	774
687	884
687	929
687	955
687	958
687	974
687	988
687	993
688	30
688	431
688	508
688	534
688	861
688	922
688	948
688	971
688	984
688	988
689	143
689	238
689	253
689	349
689	461
689	828
689	924
689	937
689	987
689	996
690	764
690	771
690	799
690	883
690	911
690	964
690	968
690	977
690	980
690	987
691	354
691	531
691	566
691	759
691	836
691	886
691	919
691	928
691	959
691	997
692	344
692	360
692	378
692	644
692	837
692	842
692	893
692	936
692	955
692	993
693	749
693	765
693	781
693	819
693	856
693	868
693	885
693	923
693	970
693	998
694	7
694	298
694	655
694	678
694	856
694	859
694	861
694	891
694	979
694	984
695	71
695	590
695	726
695	829
695	831
695	859
695	917
695	959
695	975
695	979
696	44
696	478
696	490
696	510
696	595
696	673
696	896
696	916
696	948
696	991
697	183
697	199
697	551
697	581
697	702
697	724
697	765
697	955
697	974
697	998
698	1
698	64
698	632
698	781
698	805
698	876
698	895
698	927
698	954
698	999
699	260
699	616
699	638
699	775
699	860
699	923
699	926
699	928
699	940
699	986
700	78
700	221
700	507
700	811
700	842
700	905
700	934
700	955
700	992
700	994
701	509
701	570
701	656
701	816
701	839
701	897
701	920
701	929
701	930
701	973
702	237
702	507
702	697
702	850
702	872
702	888
702	896
702	927
702	952
702	966
703	341
703	408
703	512
703	549
703	590
703	610
703	786
703	809
703	960
703	967
704	196
704	462
704	571
704	727
704	732
704	802
704	871
704	901
704	905
704	980
705	591
705	714
705	750
705	778
705	821
705	833
705	904
705	945
705	958
705	962
706	615
706	670
706	681
706	755
706	807
706	873
706	897
706	936
706	940
706	983
707	274
707	570
707	665
707	801
707	817
707	864
707	905
707	938
707	955
707	988
708	426
708	451
708	644
708	832
708	903
708	925
708	931
708	949
708	983
708	998
709	242
709	362
709	501
709	713
709	786
709	798
709	799
709	867
709	947
709	961
710	243
710	308
710	312
710	315
710	660
710	768
710	865
710	867
710	928
710	976
711	117
711	168
711	357
711	585
711	795
711	838
711	940
711	961
711	978
711	990
712	417
712	424
712	463
712	748
712	823
712	854
712	946
712	956
712	965
712	998
713	163
713	283
713	313
713	709
713	758
713	778
713	823
713	826
713	883
713	951
713	981
714	206
714	260
714	509
714	683
714	705
714	767
714	813
714	826
714	883
714	964
714	974
715	465
715	737
715	772
715	819
715	903
715	921
715	938
715	955
715	972
715	974
715	977
716	385
716	548
716	596
716	654
716	744
716	845
716	862
716	902
716	915
716	918
716	980
717	228
717	454
717	594
717	723
717	791
717	839
717	855
717	886
717	906
717	966
717	973
718	328
718	367
718	541
718	720
718	790
718	876
718	889
718	916
718	972
718	980
718	999
719	136
719	169
719	333
719	720
719	721
719	731
719	770
719	972
719	980
719	986
719	1000
720	221
720	673
720	718
720	719
720	752
720	835
720	872
720	888
720	920
720	973
720	980
721	139
721	496
721	582
721	595
721	719
721	822
721	837
721	903
721	919
721	963
721	976
722	2
722	80
722	320
722	330
722	459
722	661
722	738
722	813
722	846
722	938
722	988
723	117
723	167
723	470
723	717
723	816
723	867
723	895
723	906
723	965
723	966
723	973
724	40
724	267
724	486
724	490
724	563
724	675
724	697
724	879
724	970
724	988
724	995
725	478
725	776
725	863
725	894
725	896
725	898
725	933
725	937
725	943
725	981
725	996
726	133
726	420
726	494
726	649
726	662
726	675
726	695
726	741
726	838
726	960
726	967
727	161
727	457
727	491
727	523
727	704
727	763
727	886
727	950
727	965
727	981
727	991
728	331
728	396
728	794
728	818
728	884
728	901
728	932
728	944
728	969
728	970
728	982
729	137
729	511
729	587
729	673
729	753
729	819
729	872
729	886
729	906
729	922
729	973
730	300
730	410
730	429
730	533
730	733
730	813
730	880
730	912
730	936
730	944
730	957
731	104
731	284
731	290
731	380
731	389
731	646
731	719
731	835
731	918
731	930
731	972
732	408
732	525
732	554
732	580
732	704
732	780
732	866
732	957
732	982
732	991
732	998
733	204
733	356
733	453
733	498
733	730
733	894
733	929
733	944
733	955
733	982
733	989
734	322
734	337
734	382
734	418
734	455
734	808
734	820
734	870
734	907
734	946
734	964
735	10
735	63
735	103
735	305
735	454
735	495
735	557
735	837
735	929
735	961
735	993
736	89
736	519
736	610
736	681
736	881
736	925
736	933
736	937
736	943
736	963
736	994
737	366
737	559
737	594
737	715
737	772
737	829
737	858
737	903
737	955
737	974
737	993
738	64
738	152
738	401
738	548
738	722
738	807
738	927
738	941
738	989
738	993
738	999
739	53
739	261
739	557
739	582
739	680
739	919
739	947
739	950
739	952
739	957
739	976
740	88
740	393
740	657
740	683
740	749
740	854
740	864
740	868
740	880
740	904
740	942
740	970
741	243
741	249
741	279
741	474
741	503
741	662
741	726
741	816
741	840
741	941
741	969
741	989
742	57
742	553
742	565
742	763
742	798
742	828
742	890
742	931
742	936
742	973
742	987
742	1000
743	187
743	306
743	308
743	311
743	430
743	443
743	518
743	564
743	572
743	803
743	943
743	964
744	176
744	196
744	284
744	628
744	637
744	716
744	906
744	916
744	920
744	955
744	972
744	980
745	236
745	280
745	616
745	676
745	806
745	872
745	919
745	934
745	957
745	963
745	976
745	989
746	62
746	89
746	312
746	778
746	845
746	886
746	943
746	953
746	966
746	978
746	979
746	987
747	261
747	385
747	628
747	642
747	643
747	841
747	871
747	915
747	916
747	968
747	974
747	980
748	418
748	467
748	528
748	585
748	712
748	780
748	855
748	950
748	965
748	979
748	991
748	998
749	240
749	323
749	558
749	672
749	693
749	740
749	800
749	885
749	887
749	921
749	970
749	992
750	266
750	318
750	666
750	705
750	802
750	828
750	852
750	870
750	882
750	949
750	978
750	983
751	93
751	111
751	365
751	485
751	512
751	769
751	825
751	840
751	932
751	951
751	965
751	994
752	83
752	596
752	648
752	720
752	753
752	800
752	889
752	916
752	918
752	937
752	959
752	972
753	345
753	372
753	413
753	641
753	729
753	752
753	819
753	841
753	900
753	918
753	920
753	971
754	266
754	422
754	497
754	843
754	923
754	928
754	946
754	968
754	985
754	986
754	992
754	996
755	110
755	502
755	580
755	633
755	635
755	639
755	706
755	851
755	933
755	936
755	987
755	1000
756	105
756	125
756	347
756	430
756	639
756	791
756	803
756	925
756	949
756	952
756	964
756	987
757	99
757	601
757	640
757	658
757	764
757	775
757	818
757	867
757	922
757	961
757	978
757	990
758	31
758	232
758	257
758	665
758	671
758	713
758	812
758	921
758	951
758	970
758	987
758	991
759	131
759	334
759	664
759	691
759	874
759	882
759	889
759	913
759	928
759	959
759	976
759	997
760	38
760	206
760	224
760	371
760	427
760	677
760	804
760	892
760	956
760	960
760	969
760	975
761	178
761	388
761	450
761	593
761	650
761	685
761	811
761	819
761	886
761	897
761	906
761	915
761	966
762	113
762	133
762	144
762	387
762	418
762	516
762	626
762	778
762	917
762	933
762	959
762	981
762	986
763	205
763	350
763	498
763	727
763	742
763	766
763	767
763	780
763	926
763	952
763	965
763	970
763	991
764	118
764	168
764	459
764	506
764	690
764	757
764	894
764	923
764	924
764	948
764	968
764	985
764	996
765	542
765	687
765	693
765	697
765	828
765	892
765	903
765	951
765	955
765	973
765	974
765	991
765	993
766	45
766	295
766	554
766	600
766	763
766	924
766	950
766	965
766	970
766	973
766	991
766	995
766	998
767	27
767	358
767	714
767	763
767	836
767	846
767	860
767	926
767	961
767	963
767	974
767	986
767	996
768	407
768	472
768	475
768	710
768	784
768	811
768	817
768	842
768	843
768	905
768	934
768	948
768	994
769	175
769	521
769	546
769	751
769	780
769	838
769	865
769	886
769	899
769	914
769	932
769	972
769	997
770	237
770	309
770	379
770	561
770	569
770	719
770	862
770	917
770	972
770	980
770	987
770	999
770	1000
771	68
771	116
771	399
771	406
771	579
771	612
771	666
771	690
771	774
771	827
771	833
771	835
771	963
772	58
772	103
772	305
772	443
772	469
772	644
772	715
772	737
772	777
772	921
772	925
772	955
772	993
773	171
773	218
773	227
773	273
773	439
773	473
773	776
773	836
773	913
773	928
773	929
773	944
773	997
774	10
774	60
774	381
774	490
774	526
774	677
774	687
774	771
774	837
774	911
774	961
774	986
774	993
775	306
775	439
775	576
775	699
775	757
775	804
775	824
775	922
775	961
775	968
775	978
775	986
775	990
776	15
776	45
776	227
776	447
776	547
776	606
776	725
776	773
776	943
776	948
776	959
776	982
776	997
777	208
777	217
777	509
777	593
777	662
777	772
777	790
777	805
777	848
777	882
777	988
777	999
777	1000
778	4
778	45
778	226
778	528
778	671
778	705
778	713
778	746
778	762
778	855
778	917
778	946
778	953
779	191
779	281
779	594
779	868
779	889
779	908
779	929
779	935
779	954
779	985
779	989
779	999
779	1000
780	345
780	523
780	669
780	732
780	748
780	763
780	769
780	810
780	893
780	950
780	965
780	978
780	989
781	21
781	88
781	423
781	458
781	498
781	552
781	561
781	671
781	693
781	698
781	969
781	970
781	1000
782	34
782	166
782	179
782	271
782	398
782	462
782	628
782	673
782	835
782	869
782	952
782	969
782	972
783	24
783	27
783	44
783	98
783	112
783	535
783	543
783	673
783	880
783	915
783	924
783	926
783	983
784	121
784	418
784	437
784	527
784	547
784	768
784	845
784	866
784	877
784	881
784	946
784	966
784	981
785	194
785	564
785	579
785	794
785	899
785	904
785	923
785	962
785	977
785	985
785	986
785	992
785	996
786	188
786	234
786	241
786	430
786	519
786	531
786	703
786	709
786	792
786	838
786	941
786	946
786	960
787	83
787	127
787	215
787	300
787	441
787	643
787	667
787	797
787	817
787	887
787	970
787	988
787	995
788	149
788	341
788	411
788	468
788	483
788	550
788	595
788	833
788	950
788	956
788	957
788	958
788	962
789	32
789	37
789	152
789	371
789	504
789	796
789	848
789	863
789	921
789	964
789	970
789	971
789	975
790	117
790	301
790	302
790	566
790	599
790	718
790	777
790	864
790	906
790	927
790	954
790	991
790	999
790	1000
791	18
791	410
791	450
791	511
791	717
791	756
791	844
791	857
791	951
791	971
791	975
791	976
791	979
791	984
792	297
792	300
792	536
792	786
792	793
792	818
792	820
792	847
792	855
792	866
792	898
792	937
792	957
792	981
793	114
793	121
793	259
793	312
793	435
793	533
793	624
793	792
793	914
793	937
793	953
793	981
793	988
793	996
794	65
794	118
794	371
794	488
794	537
794	660
794	684
794	728
794	785
794	945
794	968
794	977
794	985
794	996
795	150
795	351
795	530
795	574
795	619
795	623
795	711
795	835
795	842
795	915
795	934
795	969
795	983
795	994
796	85
796	135
796	189
796	260
796	597
796	653
796	789
796	820
796	823
796	868
796	885
796	914
796	951
796	953
797	315
797	442
797	485
797	508
797	559
797	627
797	787
797	813
797	879
797	887
797	967
797	971
797	988
797	995
798	159
798	223
798	466
798	475
798	531
798	709
798	742
798	865
798	867
798	941
798	967
798	984
798	985
798	993
799	326
799	388
799	475
799	518
799	642
799	690
799	709
799	803
799	809
799	838
799	884
799	926
799	946
799	967
800	273
800	334
800	346
800	373
800	606
800	680
800	749
800	752
800	830
800	903
800	925
800	930
800	940
800	949
801	252
801	456
801	500
801	545
801	563
801	565
801	661
801	707
801	878
801	901
801	911
801	943
801	988
801	991
802	425
802	462
802	501
802	524
802	571
802	606
802	612
802	704
802	750
802	829
802	900
802	935
802	961
802	980
803	42
803	68
803	279
803	438
803	583
803	743
803	756
803	799
803	865
803	878
803	882
803	905
803	931
803	932
804	109
804	493
804	584
804	614
804	649
804	760
804	775
804	810
804	824
804	869
804	922
804	961
804	978
804	990
805	518
805	601
805	631
805	657
805	698
805	777
805	807
805	890
805	908
805	927
805	946
805	954
805	977
805	989
806	31
806	65
806	232
806	588
806	616
806	745
806	825
806	847
806	921
806	938
806	942
806	968
806	970
806	989
807	166
807	579
807	612
807	666
807	706
807	738
807	805
807	814
807	821
807	919
807	957
807	958
807	973
807	976
808	314
808	400
808	670
808	734
808	846
808	862
808	877
808	912
808	953
808	968
808	985
808	986
808	992
808	996
809	139
809	219
809	250
809	320
809	508
809	521
809	602
809	660
809	703
809	799
809	878
809	886
809	960
809	980
810	155
810	214
810	600
810	780
810	804
810	826
810	834
810	914
810	944
810	949
810	950
810	951
810	965
810	994
811	251
811	269
811	618
811	638
811	678
811	700
811	761
811	768
811	814
811	822
811	883
811	895
811	967
811	994
812	246
812	323
812	540
812	552
812	561
812	611
812	659
812	680
812	758
812	856
812	902
812	963
812	973
812	989
813	160
813	184
813	428
813	568
813	675
813	714
813	722
813	730
813	797
813	827
813	883
813	938
813	988
813	995
814	72
814	328
814	449
814	489
814	518
814	657
814	807
814	811
814	926
814	927
814	989
814	995
814	999
814	1000
815	160
815	286
815	289
815	334
815	654
815	824
815	873
815	880
815	912
815	913
815	928
815	930
815	939
815	982
816	146
816	605
816	651
816	658
816	674
816	701
816	723
816	741
816	897
816	904
816	906
816	966
816	973
816	988
817	544
817	567
817	615
817	707
817	768
817	787
817	820
817	827
817	913
817	920
817	938
817	970
817	988
817	995
818	265
818	335
818	477
818	636
818	728
818	757
818	792
818	822
818	837
818	842
818	843
818	895
818	967
818	994
819	245
819	520
819	624
819	629
819	693
819	715
819	729
819	753
819	761
819	872
819	886
819	906
819	966
819	973
820	169
820	233
820	485
820	495
820	500
820	610
820	734
820	792
820	796
820	817
820	870
820	884
820	917
820	933
821	94
821	104
821	503
821	557
821	705
821	807
821	857
821	885
821	907
821	908
821	919
821	921
821	963
821	1000
822	48
822	276
822	335
822	568
822	721
822	811
822	818
822	830
822	843
822	873
822	903
822	934
822	983
822	994
823	92
823	207
823	403
823	674
823	712
823	713
823	796
823	902
823	906
823	913
823	939
823	940
823	960
823	969
824	194
824	209
824	515
824	658
824	775
824	804
824	815
824	915
824	922
824	923
824	961
824	978
824	990
824	995
825	39
825	432
825	604
825	634
825	656
825	684
825	751
825	806
825	846
825	857
825	891
825	909
825	948
825	971
826	713
826	714
826	810
826	860
826	878
826	911
826	916
826	923
826	948
826	967
826	968
826	977
826	986
826	996
827	293
827	547
827	565
827	630
827	663
827	665
827	667
827	771
827	813
827	817
827	879
827	883
827	938
827	950
827	988
828	253
828	373
828	391
828	525
828	655
828	689
828	742
828	750
828	765
828	880
828	920
828	934
828	972
828	983
828	987
829	234
829	409
829	414
829	695
829	737
829	802
829	831
829	861
829	909
829	938
829	940
829	948
829	975
829	979
829	984
830	164
830	176
830	304
830	423
830	514
830	620
830	626
830	666
830	680
830	800
830	822
830	943
830	973
830	987
830	990
831	348
831	370
831	519
831	597
831	640
831	695
831	829
831	847
831	857
831	859
831	881
831	961
831	979
831	984
831	991
832	305
832	308
832	358
832	382
832	413
832	431
832	514
832	708
832	873
832	938
832	949
832	983
832	987
832	992
832	994
833	22
833	434
833	582
833	684
833	705
833	771
833	788
833	839
833	868
833	904
833	910
833	919
833	952
833	956
833	976
834	54
834	215
834	580
834	621
834	663
834	670
834	810
834	835
834	925
834	950
834	965
834	975
834	983
834	991
834	998
835	462
835	560
835	608
835	646
835	720
835	731
835	771
835	782
835	795
835	834
835	848
835	879
835	915
835	920
835	942
836	411
836	530
836	556
836	622
836	669
836	691
836	767
836	773
836	869
836	928
836	951
836	959
836	965
836	977
836	997
837	7
837	123
837	447
837	692
837	721
837	735
837	774
837	818
837	878
837	911
837	960
837	968
837	974
837	984
837	998
838	166
838	279
838	289
838	501
838	639
838	711
838	726
838	769
838	786
838	799
838	865
838	883
838	941
838	983
838	996
839	195
839	262
839	344
839	493
839	511
839	516
839	605
839	701
839	717
839	833
839	888
839	897
839	906
839	966
839	973
840	161
840	212
840	246
840	288
840	404
840	573
840	630
840	670
840	684
840	741
840	751
840	924
840	947
840	953
840	964
840	996
841	46
841	55
841	98
841	456
841	543
841	560
841	567
841	574
841	747
841	753
841	918
841	955
841	972
841	981
841	984
841	990
842	101
842	351
842	387
842	618
842	630
842	645
842	692
842	700
842	768
842	795
842	818
842	886
842	895
842	905
842	959
842	994
843	150
843	394
843	398
843	452
843	754
843	768
843	818
843	822
843	851
843	893
843	895
843	905
843	933
843	934
843	968
843	994
844	3
844	183
844	391
844	484
844	578
844	614
844	629
844	668
844	791
844	857
844	909
844	948
844	967
844	971
844	975
844	984
845	299
845	365
845	555
845	679
845	716
845	746
845	784
845	864
845	870
845	881
845	907
845	932
845	934
845	937
845	946
845	960
846	7
846	44
846	321
846	480
846	683
846	722
846	767
846	808
846	825
846	856
846	926
846	947
846	964
846	968
846	985
846	991
847	108
847	260
847	540
847	571
847	597
847	648
847	792
847	806
847	831
847	854
847	883
847	885
847	942
847	970
847	978
847	984
848	189
848	254
848	537
848	662
848	682
848	777
848	789
848	835
848	851
848	858
848	876
848	891
848	954
848	989
848	999
848	1000
849	110
849	282
849	575
849	654
849	853
849	855
849	872
849	874
849	875
849	880
849	944
849	949
849	969
849	979
849	982
849	992
850	61
850	170
850	361
850	495
850	573
850	656
850	702
850	910
850	919
850	945
850	948
850	952
850	958
850	963
850	976
850	982
851	258
851	336
851	464
851	546
851	634
851	647
851	755
851	843
851	848
851	858
851	876
851	908
851	957
851	969
851	982
851	999
852	20
852	83
852	213
852	324
852	355
852	373
852	479
852	523
852	615
852	750
852	910
852	927
852	931
852	979
852	982
852	987
853	10
853	48
853	96
853	101
853	315
853	505
853	641
853	654
853	849
853	866
853	875
853	901
853	917
853	939
853	957
853	969
854	31
854	126
854	558
854	584
854	611
854	645
854	658
854	712
854	740
854	847
854	859
854	863
854	865
854	868
854	921
854	942
854	964
855	129
855	375
855	448
855	476
855	500
855	532
855	568
855	573
855	717
855	748
855	778
855	792
855	849
855	937
855	941
855	943
855	1000
856	32
856	79
856	189
856	487
856	577
856	588
856	645
856	668
856	693
856	694
856	812
856	846
856	862
856	942
856	957
856	974
856	990
857	84
857	158
857	346
857	498
857	522
857	791
857	821
857	825
857	831
857	844
857	884
857	909
857	971
857	975
857	979
857	984
857	1000
858	11
858	12
858	26
858	102
858	128
858	286
858	437
858	631
858	679
858	737
858	848
858	851
858	873
858	920
858	955
858	999
858	1000
859	169
859	202
859	343
859	468
859	534
859	694
859	695
859	831
859	854
859	918
859	925
859	948
859	969
859	979
859	984
859	995
859	999
860	477
860	506
860	676
860	699
860	767
860	826
860	907
860	923
860	924
860	932
860	949
860	955
860	964
860	979
860	986
860	987
860	996
861	130
861	146
861	348
861	420
861	659
861	688
861	694
861	829
861	906
861	947
861	948
861	962
861	965
861	971
861	975
861	979
861	992
862	113
862	177
862	261
862	331
862	375
862	385
862	394
862	541
862	601
862	646
862	716
862	770
862	808
862	856
862	898
862	972
862	976
863	32
863	135
863	174
863	279
863	498
863	653
863	657
863	671
863	674
863	725
863	789
863	854
863	885
863	896
863	936
863	990
863	993
864	259
864	278
864	310
864	465
864	532
864	538
864	543
864	602
864	651
864	707
864	740
864	790
864	845
864	917
864	930
864	953
864	958
865	93
865	236
865	433
865	571
865	710
865	769
865	798
865	803
865	838
865	854
865	866
865	899
865	916
865	934
865	947
865	951
865	960
866	105
866	382
866	484
866	594
866	732
866	784
866	792
866	853
866	865
866	868
866	930
866	933
866	946
866	953
866	966
866	974
866	981
867	15
867	57
867	308
867	317
867	353
867	709
867	710
867	723
867	757
867	798
867	906
867	914
867	917
867	951
867	960
867	967
867	981
867	985
868	21
868	99
868	131
868	322
868	459
868	540
868	621
868	631
868	657
868	693
868	740
868	779
868	796
868	833
868	854
868	866
868	885
868	969
869	26
869	329
869	363
869	364
869	449
869	505
869	609
869	611
869	631
869	661
869	665
869	782
869	804
869	836
869	908
869	954
869	999
869	1000
870	55
870	386
870	438
870	440
870	605
870	651
870	734
870	750
870	820
870	845
870	871
870	882
870	892
870	907
870	908
870	930
870	981
870	988
871	95
871	254
871	262
871	481
871	704
871	747
871	870
871	880
871	892
871	902
871	913
871	940
871	956
871	963
871	969
871	982
871	987
871	997
872	6
872	392
872	492
872	503
872	560
872	596
872	702
872	720
872	729
872	745
872	819
872	849
872	910
872	923
872	952
872	957
872	962
872	976
873	346
873	512
873	615
873	650
873	706
873	815
873	822
873	832
873	858
873	890
873	900
873	915
873	936
873	949
873	957
873	983
873	987
873	994
874	70
874	111
874	420
874	502
874	533
874	549
874	643
874	759
874	849
874	890
874	936
874	949
874	979
874	980
874	982
874	986
874	992
874	998
875	29
875	101
875	269
875	292
875	297
875	428
875	575
875	849
875	853
875	880
875	881
875	892
875	901
875	902
875	906
875	913
875	921
875	925
876	64
876	208
876	264
876	296
876	310
876	499
876	599
876	609
876	631
876	698
876	718
876	848
876	851
876	909
876	946
876	961
876	989
876	1000
877	25
877	203
877	293
877	323
877	517
877	583
877	613
877	670
877	784
877	808
877	882
877	898
877	926
877	946
877	964
877	968
877	977
877	986
878	308
878	316
878	341
878	446
878	529
878	651
878	801
878	803
878	809
878	826
878	837
878	893
878	894
878	926
878	932
878	941
878	960
878	967
879	215
879	235
879	270
879	419
879	436
879	444
879	565
879	724
879	797
879	827
879	835
879	889
879	904
879	912
879	938
879	942
879	985
879	988
879	995
880	34
880	49
880	249
880	629
880	730
880	740
880	783
880	815
880	828
880	849
880	871
880	875
880	901
880	905
880	912
880	913
880	940
880	956
880	983
881	16
881	259
881	344
881	375
881	435
881	610
881	647
881	673
881	736
881	784
881	831
881	845
881	875
881	901
881	937
881	945
881	946
881	981
881	997
882	20
882	62
882	125
882	142
882	258
882	267
882	346
882	372
882	472
882	620
882	625
882	750
882	759
882	777
882	803
882	870
882	877
882	936
882	992
883	201
883	404
883	483
883	506
883	509
883	572
883	583
883	690
883	713
883	714
883	811
883	813
883	827
883	838
883	847
883	888
883	896
883	977
883	996
884	13
884	80
884	221
884	272
884	395
884	403
884	405
884	453
884	499
884	681
884	687
884	728
884	799
884	820
884	857
884	912
884	956
884	964
884	969
885	14
885	322
885	377
885	421
885	504
885	598
885	693
885	749
885	796
885	821
885	847
885	863
885	868
885	913
885	914
885	921
885	953
885	969
885	970
886	247
886	327
886	470
886	513
886	598
886	632
886	674
886	691
886	717
886	727
886	729
886	746
886	761
886	769
886	809
886	819
886	842
886	966
886	973
887	57
887	132
887	168
887	315
887	371
887	419
887	463
887	641
887	647
887	661
887	665
887	677
887	749
887	787
887	797
887	893
887	931
887	960
887	995
888	156
888	161
888	390
888	440
888	552
888	702
888	720
888	839
888	883
888	923
888	926
888	945
888	947
888	953
888	964
888	977
888	981
888	996
888	998
889	41
889	201
889	205
889	244
889	416
889	424
889	442
889	457
889	527
889	580
889	613
889	652
889	718
889	752
889	759
889	779
889	879
889	939
889	991
889	998
890	56
890	390
890	402
890	467
890	502
890	595
890	684
890	742
890	805
890	873
890	874
890	931
890	936
890	949
890	950
890	953
890	961
890	983
890	987
890	992
891	130
891	187
891	317
891	494
891	534
891	563
891	583
891	678
891	694
891	825
891	848
891	907
891	909
891	948
891	971
891	975
891	979
891	984
891	985
891	1000
892	42
892	79
892	91
892	272
892	533
892	760
892	765
892	870
892	871
892	875
892	912
892	939
892	940
892	942
892	956
892	960
892	969
892	982
892	988
892	995
893	71
893	132
893	301
893	340
893	378
893	444
893	567
893	579
893	627
893	661
893	692
893	780
893	843
893	878
893	887
893	938
893	945
893	973
893	988
893	995
894	52
894	101
894	196
894	239
894	337
894	509
894	602
894	626
894	631
894	725
894	733
894	764
894	878
894	907
894	930
894	937
894	943
894	946
894	973
894	981
895	339
895	532
895	574
895	618
895	636
895	678
895	698
895	723
895	811
895	818
895	842
895	843
895	905
895	932
895	934
895	939
895	950
895	962
895	966
895	975
895	994
896	18
896	63
896	198
896	232
896	360
896	397
896	406
896	411
896	603
896	672
896	696
896	702
896	725
896	863
896	883
896	904
896	910
896	957
896	962
896	963
896	993
897	195
897	226
897	264
897	313
897	445
897	458
897	482
897	511
897	518
897	593
897	701
897	706
897	761
897	816
897	839
897	906
897	928
897	964
897	966
897	973
897	980
898	12
898	39
898	188
898	282
898	393
898	440
898	468
898	487
898	531
898	539
898	549
898	598
898	725
898	792
898	862
898	877
898	902
898	907
898	917
898	930
898	986
899	49
899	285
899	316
899	367
899	388
899	427
899	482
899	543
899	558
899	637
899	769
899	785
899	865
899	914
899	941
899	951
899	960
899	967
899	975
899	986
899	997
900	285
900	309
900	342
900	393
900	412
900	543
900	571
900	591
900	601
900	628
900	753
900	802
900	873
900	910
900	918
900	964
900	971
900	980
900	993
900	994
900	995
901	242
901	301
901	499
901	654
901	677
901	704
901	728
901	801
901	853
901	875
901	880
901	881
901	902
901	909
901	918
901	932
901	944
901	956
901	972
901	982
901	983
901	995
902	74
902	139
902	184
902	224
902	242
902	356
902	471
902	716
902	812
902	823
902	871
902	875
902	898
902	901
902	923
902	939
902	956
902	960
902	962
902	982
902	984
902	999
903	50
903	103
903	138
903	291
903	364
903	403
903	456
903	505
903	672
903	708
903	715
903	721
903	737
903	765
903	800
903	822
903	911
903	929
903	950
903	955
903	960
903	992
904	63
904	119
904	197
904	474
904	550
904	552
904	591
904	605
904	607
904	705
904	740
904	785
904	816
904	833
904	879
904	896
904	907
904	915
904	952
904	960
904	963
904	990
905	61
905	104
905	276
905	383
905	401
905	407
905	460
905	523
905	619
905	678
905	700
905	704
905	707
905	768
905	803
905	842
905	843
905	880
905	895
905	934
905	972
905	994
906	195
906	506
906	605
906	674
906	717
906	723
906	729
906	744
906	761
906	790
906	816
906	819
906	823
906	839
906	861
906	867
906	875
906	897
906	962
906	966
906	973
906	977
906	989
907	150
907	191
907	352
907	395
907	435
907	532
907	569
907	573
907	612
907	734
907	821
907	845
907	860
907	870
907	891
907	894
907	898
907	904
907	933
907	943
907	946
907	953
907	981
908	35
908	118
908	141
908	217
908	258
908	424
908	492
908	497
908	556
908	637
908	686
908	779
908	805
908	821
908	851
908	869
908	870
908	920
908	944
908	970
908	980
908	999
908	1000
909	28
909	77
909	130
909	142
909	179
909	338
909	629
909	634
909	825
909	829
909	844
909	857
909	876
909	891
909	901
909	931
909	932
909	971
909	974
909	977
909	979
909	983
909	984
910	19
910	249
910	411
910	454
910	474
910	656
910	833
910	850
910	852
910	872
910	896
910	900
910	915
910	919
910	944
910	949
910	950
910	952
910	957
910	958
910	959
910	962
910	976
910	987
911	58
911	204
911	295
911	302
911	321
911	359
911	441
911	488
911	581
911	644
911	672
911	690
911	774
911	801
911	826
911	837
911	903
911	930
911	947
911	955
911	974
911	982
911	992
911	993
912	79
912	93
912	245
912	282
912	337
912	353
912	429
912	458
912	497
912	505
912	507
912	527
912	555
912	730
912	808
912	815
912	879
912	880
912	884
912	892
912	939
912	944
912	969
912	998
913	249
913	294
913	565
913	602
913	629
913	759
913	773
913	815
913	817
913	823
913	871
913	875
913	880
913	885
913	925
913	939
913	940
913	944
913	945
913	956
913	969
913	971
913	977
913	982
914	133
914	144
914	157
914	159
914	242
914	287
914	403
914	434
914	491
914	507
914	537
914	618
914	682
914	769
914	793
914	796
914	810
914	867
914	885
914	899
914	932
914	944
914	947
914	951
914	976
915	2
915	253
915	274
915	293
915	379
915	398
915	438
915	560
915	601
915	608
915	653
915	666
915	716
915	747
915	761
915	783
915	795
915	824
915	835
915	873
915	904
915	910
915	916
915	920
915	972
916	98
916	127
916	241
916	313
916	393
916	398
916	439
916	478
916	535
916	562
916	569
916	612
916	696
916	718
916	744
916	747
916	752
916	826
916	865
916	915
916	958
916	981
916	992
916	996
916	999
917	188
917	218
917	278
917	312
917	428
917	487
917	586
917	651
917	695
917	762
917	770
917	778
917	820
917	853
917	864
917	867
917	898
917	933
917	936
917	943
917	947
917	953
917	965
917	972
917	980
917	981
918	63
918	261
918	328
918	333
918	342
918	345
918	359
918	397
918	398
918	555
918	569
918	646
918	716
918	731
918	752
918	753
918	841
918	859
918	900
918	901
918	920
918	962
918	963
918	973
918	987
918	998
919	107
919	141
919	244
919	289
919	399
919	493
919	589
919	607
919	664
919	691
919	721
919	739
919	745
919	807
919	821
919	833
919	850
919	910
919	920
919	922
919	924
919	943
919	957
919	961
919	963
919	976
920	27
920	112
920	250
920	293
920	413
920	442
920	448
920	535
920	566
920	601
920	701
920	720
920	744
920	753
920	817
920	828
920	835
920	858
920	908
920	915
920	918
920	919
920	921
920	969
920	972
920	980
921	69
921	108
921	146
921	172
921	340
921	468
921	498
921	527
921	645
921	657
921	715
921	749
921	758
921	772
921	789
921	806
921	821
921	854
921	875
921	885
921	920
921	942
921	970
921	980
921	981
921	982
922	17
922	277
922	303
922	309
922	368
922	517
922	576
922	585
922	614
922	640
922	643
922	650
922	673
922	682
922	688
922	729
922	757
922	775
922	804
922	824
922	919
922	942
922	961
922	978
922	988
922	990
923	156
923	306
923	311
923	535
923	610
923	630
923	649
923	654
923	683
923	693
923	699
923	754
923	764
923	785
923	824
923	826
923	860
923	872
923	888
923	902
923	935
923	951
923	968
923	974
923	978
923	986
924	46
924	120
924	257
924	321
924	371
924	374
924	393
924	422
924	436
924	649
924	684
924	689
924	764
924	766
924	783
924	840
924	860
924	919
924	926
924	929
924	945
924	968
924	972
924	977
924	985
924	986
925	162
925	272
925	347
925	385
925	412
925	536
925	549
925	566
925	578
925	671
925	680
925	708
925	736
925	756
925	772
925	800
925	834
925	859
925	875
925	913
925	935
925	936
925	979
925	983
925	987
925	992
926	82
926	187
926	229
926	400
926	402
926	415
926	530
926	575
926	669
926	699
926	763
926	767
926	783
926	799
926	814
926	846
926	877
926	878
926	888
926	924
926	945
926	947
926	960
926	966
926	968
926	985
927	157
927	191
927	208
927	288
927	329
927	366
927	374
927	405
927	457
927	497
927	536
927	549
927	587
927	593
927	623
927	679
927	698
927	702
927	738
927	790
927	805
927	814
927	852
927	940
927	963
927	989
927	999
928	48
928	70
928	145
928	178
928	409
928	412
928	415
928	426
928	437
928	466
928	473
928	528
928	530
928	556
928	664
928	691
928	699
928	710
928	754
928	759
928	773
928	815
928	836
928	897
928	959
928	989
928	997
929	102
929	165
929	184
929	256
929	276
929	314
929	364
929	430
929	447
929	451
929	495
929	551
929	594
929	655
929	687
929	701
929	733
929	735
929	773
929	779
929	903
929	924
929	953
929	955
929	968
929	975
929	993
930	33
930	51
930	88
930	126
930	158
930	282
930	349
930	435
930	438
930	449
930	626
930	701
930	731
930	800
930	815
930	864
930	866
930	870
930	894
930	898
930	911
930	933
930	943
930	948
930	953
930	981
930	993
931	17
931	19
931	112
931	280
931	304
931	345
931	412
931	434
931	524
931	553
931	603
931	615
931	620
931	652
931	657
931	708
931	742
931	803
931	852
931	887
931	890
931	909
931	935
931	936
931	938
931	940
931	983
932	111
932	136
932	153
932	243
932	250
932	341
932	403
932	473
932	491
932	522
932	526
932	660
932	728
932	751
932	769
932	803
932	845
932	860
932	878
932	895
932	901
932	909
932	914
932	943
932	953
932	967
932	977
933	94
933	98
933	172
933	230
933	278
933	293
933	382
933	396
933	428
933	484
933	516
933	609
933	725
933	736
933	755
933	762
933	820
933	843
933	866
933	907
933	917
933	930
933	936
933	937
933	942
933	966
933	981
934	66
934	252
934	257
934	275
934	303
934	324
934	394
934	421
934	460
934	537
934	568
934	574
934	619
934	660
934	700
934	745
934	768
934	795
934	822
934	828
934	843
934	845
934	865
934	895
934	905
934	947
934	992
935	124
935	239
935	255
935	261
935	267
935	336
935	355
935	392
935	423
935	465
935	492
935	536
935	549
935	633
935	635
935	650
935	779
935	802
935	923
935	925
935	931
935	944
935	949
935	959
935	967
935	970
935	992
935	999
936	23
936	200
936	202
936	273
936	304
936	372
936	406
936	521
936	692
936	706
936	730
936	742
936	755
936	863
936	873
936	874
936	882
936	890
936	917
936	925
936	931
936	933
936	949
936	953
936	958
936	992
936	995
936	1000
937	50
937	73
937	288
937	307
937	363
937	449
937	511
937	528
937	561
937	598
937	626
937	645
937	689
937	725
937	736
937	752
937	792
937	793
937	845
937	855
937	881
937	894
937	933
937	946
937	973
937	980
937	981
937	996
938	121
938	211
938	231
938	233
938	252
938	419
938	452
938	485
938	548
938	565
938	577
938	665
938	707
938	715
938	722
938	806
938	813
938	817
938	827
938	829
938	832
938	879
938	893
938	931
938	981
938	984
938	986
938	995
939	47
939	134
939	186
939	245
939	396
939	405
939	417
939	554
939	575
939	815
939	823
939	853
939	889
939	892
939	895
939	902
939	912
939	913
939	944
939	955
939	959
939	961
939	962
939	969
939	985
939	994
939	996
939	998
939	999
940	186
940	207
940	265
940	301
940	398
940	407
940	417
940	453
940	479
940	492
940	623
940	635
940	699
940	706
940	711
940	800
940	823
940	829
940	871
940	880
940	892
940	913
940	927
940	931
940	944
940	956
940	966
940	969
940	982
940	984
941	16
941	28
941	49
941	182
941	353
941	363
941	407
941	433
941	450
941	480
941	486
941	529
941	531
941	559
941	596
941	626
941	738
941	741
941	786
941	798
941	838
941	855
941	878
941	899
941	950
941	967
941	969
941	978
941	993
941	996
942	152
942	155
942	186
942	240
942	246
942	260
942	432
942	488
942	561
942	571
942	653
942	657
942	668
942	671
942	740
942	806
942	835
942	847
942	854
942	856
942	879
942	892
942	921
942	922
942	933
942	950
942	960
942	970
942	996
942	1000
943	158
943	164
943	268
943	271
943	274
943	275
943	299
943	437
943	495
943	598
943	612
943	651
943	725
943	736
943	743
943	746
943	776
943	801
943	830
943	855
943	894
943	907
943	917
943	919
943	930
943	932
943	946
943	956
943	970
943	981
943	993
944	31
944	92
944	206
944	228
944	254
944	399
944	417
944	429
944	431
944	554
944	677
944	728
944	730
944	733
944	773
944	810
944	849
944	901
944	908
944	910
944	912
944	913
944	914
944	935
944	939
944	940
944	954
944	972
944	975
944	982
944	996
945	38
945	59
945	78
945	120
945	132
945	154
945	200
945	229
945	281
945	283
945	322
945	354
945	374
945	617
945	630
945	644
945	683
945	705
945	794
945	850
945	881
945	888
945	893
945	913
945	924
945	926
945	947
945	964
945	969
945	977
945	985
945	996
946	24
946	58
946	73
946	129
946	231
946	271
946	288
946	356
946	573
946	617
946	626
946	712
946	734
946	754
946	778
946	784
946	786
946	799
946	805
946	845
946	866
946	876
946	877
946	881
946	894
946	907
946	937
946	943
946	953
946	967
946	986
946	990
947	59
947	129
947	248
947	373
947	388
947	390
947	509
947	564
947	625
947	638
947	663
947	669
947	709
947	739
947	840
947	846
947	861
947	865
947	888
947	911
947	914
947	917
947	926
947	934
947	945
947	959
947	964
947	968
947	977
947	985
947	986
947	996
948	77
948	269
948	325
948	329
948	366
948	414
948	445
948	454
948	461
948	587
948	592
948	634
948	636
948	682
948	688
948	696
948	764
948	768
948	776
948	825
948	826
948	829
948	844
948	850
948	859
948	861
948	891
948	930
948	971
948	979
948	983
948	984
949	100
949	105
949	158
949	167
949	175
949	370
949	383
949	392
949	502
949	591
949	628
949	652
949	708
949	750
949	756
949	800
949	810
949	832
949	849
949	860
949	873
949	874
949	890
949	910
949	935
949	936
949	954
949	971
949	976
949	983
949	985
949	986
950	75
950	106
950	155
950	180
950	350
950	376
950	467
950	523
950	622
950	663
950	727
950	739
950	748
950	766
950	780
950	788
950	810
950	827
950	834
950	890
950	895
950	903
950	910
950	941
950	942
950	965
950	968
950	986
950	991
950	993
950	998
950	1000
951	115
951	144
951	210
951	233
951	241
951	279
951	365
951	369
951	475
951	507
951	531
951	539
951	559
951	588
951	610
951	642
951	662
951	713
951	751
951	758
951	765
951	791
951	796
951	810
951	836
951	865
951	867
951	899
951	914
951	923
951	967
951	984
952	6
952	68
952	110
952	192
952	214
952	236
952	271
952	397
952	489
952	503
952	534
952	557
952	589
952	591
952	668
952	669
952	702
952	739
952	756
952	763
952	782
952	833
952	850
952	872
952	904
952	910
952	957
952	958
952	962
952	963
952	964
952	979
952	983
953	86
953	185
953	188
953	194
953	198
953	397
953	399
953	469
953	476
953	516
953	532
953	651
953	746
953	778
953	793
953	796
953	808
953	840
953	864
953	866
953	885
953	888
953	890
953	907
953	917
953	929
953	930
953	932
953	936
953	946
953	981
953	988
953	990
954	8
954	248
954	270
954	374
954	469
954	478
954	489
954	518
954	545
954	550
954	569
954	627
954	635
954	637
954	647
954	648
954	679
954	682
954	698
954	779
954	790
954	805
954	848
954	869
954	944
954	949
954	958
954	964
954	972
954	978
954	989
954	991
954	999
955	13
955	50
955	65
955	321
955	326
955	417
955	425
955	464
955	495
955	618
955	634
955	644
955	687
955	692
955	697
955	700
955	707
955	715
955	733
955	737
955	744
955	765
955	772
955	841
955	858
955	860
955	903
955	911
955	929
955	939
955	973
955	974
955	993
955	998
956	22
956	30
956	47
956	80
956	92
956	289
956	334
956	339
956	416
956	470
956	515
956	592
956	593
956	629
956	712
956	760
956	788
956	833
956	871
956	880
956	884
956	892
956	901
956	902
956	913
956	940
956	943
956	962
956	964
956	967
956	969
956	971
956	982
956	990
957	116
957	170
957	197
957	303
957	325
957	360
957	419
957	550
957	572
957	595
957	621
957	730
957	732
957	739
957	745
957	788
957	792
957	807
957	851
957	853
957	856
957	872
957	873
957	896
957	910
957	919
957	952
957	958
957	962
957	971
957	976
957	977
957	980
957	997
958	94
958	119
958	270
958	433
958	460
958	564
958	579
958	587
958	589
958	591
958	607
958	616
958	621
958	660
958	661
958	666
958	687
958	705
958	788
958	807
958	850
958	864
958	910
958	916
958	936
958	952
958	954
958	957
958	962
958	966
958	975
958	976
958	982
958	997
959	15
959	134
959	151
959	177
959	193
959	280
959	296
959	327
959	380
959	409
959	415
959	451
959	516
959	530
959	556
959	581
959	622
959	637
959	664
959	691
959	695
959	752
959	759
959	762
959	776
959	836
959	842
959	910
959	928
959	935
959	939
959	947
959	976
959	997
960	151
960	250
960	287
960	332
960	367
960	369
960	388
960	433
960	486
960	513
960	521
960	562
960	662
960	703
960	726
960	760
960	786
960	809
960	823
960	837
960	845
960	865
960	867
960	878
960	887
960	892
960	899
960	902
960	903
960	904
960	926
960	942
960	964
960	967
960	987
961	147
961	170
961	262
961	284
961	296
961	342
961	357
961	471
961	487
961	550
961	584
961	585
961	599
961	614
961	640
961	658
961	709
961	711
961	735
961	757
961	767
961	774
961	775
961	802
961	804
961	824
961	831
961	876
961	890
961	919
961	922
961	939
961	978
961	990
961	998
962	9
962	81
962	102
962	172
962	230
962	263
962	392
962	579
962	595
962	616
962	621
962	633
962	656
962	705
962	785
962	788
962	861
962	872
962	895
962	896
962	902
962	906
962	910
962	918
962	939
962	952
962	956
962	957
962	958
962	963
962	976
962	985
962	987
962	996
962	999
963	23
963	77
963	164
963	172
963	231
963	237
963	263
963	483
963	541
963	546
963	557
963	582
963	585
963	591
963	607
963	641
963	721
963	736
963	745
963	767
963	771
963	812
963	821
963	850
963	871
963	896
963	904
963	918
963	919
963	927
963	952
963	962
963	970
963	976
963	989
964	54
964	95
964	156
964	157
964	348
964	404
964	443
964	480
964	494
964	572
964	590
964	638
964	662
964	690
964	714
964	734
964	743
964	756
964	789
964	840
964	846
964	854
964	860
964	877
964	884
964	888
964	897
964	900
964	945
964	947
964	952
964	954
964	956
964	960
964	968
964	986
965	5
965	87
965	122
965	148
965	214
965	236
965	251
965	297
965	373
965	385
965	389
965	424
965	442
965	457
965	512
965	524
965	650
965	651
965	654
965	663
965	712
965	723
965	727
965	748
965	751
965	763
965	766
965	780
965	810
965	834
965	836
965	861
965	917
965	950
965	974
965	975
965	998
966	36
966	137
966	226
966	247
966	335
966	352
966	422
966	425
966	482
966	510
966	570
966	582
966	593
966	624
966	632
966	658
966	685
966	702
966	717
966	723
966	746
966	761
966	784
966	816
966	819
966	839
966	866
966	886
966	895
966	897
966	906
966	926
966	933
966	940
966	958
966	973
966	997
967	47
967	242
967	320
967	332
967	363
967	427
967	507
967	522
967	537
967	567
967	642
967	662
967	703
967	726
967	797
967	798
967	799
967	811
967	818
967	826
967	844
967	867
967	878
967	899
967	932
967	935
967	941
967	946
967	951
967	956
967	960
967	983
967	986
967	993
967	994
967	995
967	996
968	97
968	201
968	358
968	380
968	450
968	579
968	597
968	604
968	667
968	670
968	671
968	682
968	690
968	747
968	754
968	764
968	775
968	794
968	806
968	808
968	826
968	837
968	843
968	846
968	877
968	923
968	924
968	926
968	929
968	947
968	950
968	964
968	977
968	984
968	985
968	986
968	999
969	22
969	292
969	296
969	343
969	396
969	415
969	453
969	486
969	499
969	513
969	520
969	654
969	728
969	741
969	760
969	781
969	782
969	795
969	823
969	849
969	851
969	853
969	859
969	868
969	871
969	884
969	885
969	892
969	912
969	913
969	920
969	939
969	940
969	941
969	945
969	956
969	982
969	996
970	1
970	69
970	93
970	212
970	322
970	379
970	468
970	486
970	521
970	535
970	561
970	577
970	588
970	597
970	653
970	668
970	693
970	724
970	728
970	740
970	749
970	758
970	763
970	766
970	781
970	787
970	789
970	806
970	817
970	847
970	885
970	908
970	921
970	935
970	942
970	943
970	963
970	981
971	41
971	52
971	241
971	269
971	317
971	325
971	338
971	370
971	391
971	446
971	454
971	522
971	529
971	562
971	578
971	590
971	592
971	601
971	688
971	753
971	789
971	791
971	797
971	825
971	844
971	857
971	861
971	891
971	900
971	909
971	913
971	948
971	949
971	956
971	957
971	975
971	976
971	979
971	984
972	18
972	53
972	60
972	196
972	202
972	217
972	235
972	243
972	331
972	464
972	535
972	554
972	560
972	562
972	565
972	602
972	673
972	715
972	718
972	719
972	731
972	744
972	752
972	769
972	770
972	782
972	828
972	841
972	862
972	901
972	905
972	915
972	917
972	920
972	924
972	944
972	954
972	980
972	992
973	61
973	69
973	116
973	247
973	352
973	482
973	511
973	540
973	570
973	593
973	624
973	632
973	674
973	685
973	701
973	717
973	720
973	723
973	729
973	742
973	765
973	766
973	807
973	812
973	816
973	819
973	830
973	839
973	886
973	893
973	894
973	897
973	906
973	918
973	937
973	955
973	966
973	977
973	988
974	10
974	34
974	127
974	138
974	295
974	314
974	321
974	364
974	372
974	383
974	425
974	461
974	465
974	490
974	542
974	581
974	620
974	633
974	655
974	674
974	675
974	687
974	697
974	714
974	715
974	737
974	747
974	765
974	767
974	837
974	856
974	866
974	909
974	911
974	923
974	955
974	965
974	980
974	993
975	30
975	43
975	64
975	85
975	122
975	216
975	298
975	343
975	369
975	370
975	445
975	446
975	513
975	519
975	534
975	578
975	604
975	631
975	695
975	760
975	789
975	791
975	829
975	834
975	844
975	857
975	861
975	891
975	895
975	899
975	929
975	944
975	958
975	965
975	971
975	978
975	979
975	983
975	984
975	989
976	9
976	166
976	209
976	310
976	361
976	384
976	396
976	399
976	406
976	474
976	497
976	503
976	517
976	564
976	589
976	606
976	623
976	710
976	721
976	739
976	745
976	759
976	791
976	807
976	833
976	850
976	862
976	872
976	910
976	914
976	919
976	949
976	957
976	958
976	959
976	962
976	963
976	971
976	985
976	995
977	5
977	36
977	82
977	153
977	187
977	203
977	348
977	366
977	377
977	480
977	494
977	524
977	555
977	581
977	669
977	670
977	690
977	715
977	785
977	794
977	805
977	826
977	836
977	877
977	883
977	888
977	906
977	909
977	913
977	924
977	932
977	945
977	947
977	957
977	968
977	973
977	978
977	986
977	995
977	999
977	1000
978	12
978	17
978	143
978	182
978	256
978	277
978	284
978	296
978	304
978	330
978	417
978	471
978	490
978	496
978	517
978	576
978	584
978	585
978	599
978	634
978	640
978	642
978	658
978	684
978	711
978	746
978	750
978	757
978	775
978	780
978	804
978	824
978	847
978	922
978	923
978	941
978	954
978	961
978	975
978	977
978	990
979	29
979	39
979	244
979	277
979	338
979	378
979	410
979	454
979	513
979	523
979	542
979	551
979	578
979	590
979	592
979	599
979	659
979	694
979	695
979	746
979	748
979	791
979	829
979	831
979	849
979	852
979	857
979	859
979	860
979	861
979	874
979	891
979	909
979	925
979	948
979	952
979	971
979	975
979	984
979	986
979	987
979	998
980	46
980	55
980	81
980	89
980	136
980	179
980	229
980	274
980	400
980	464
980	478
980	496
980	510
980	541
980	550
980	562
980	568
980	608
980	664
980	690
980	704
980	716
980	718
980	719
980	720
980	744
980	747
980	770
980	802
980	809
980	874
980	897
980	900
980	908
980	917
980	920
980	921
980	937
980	957
980	972
980	974
980	985
981	73
981	89
981	95
981	111
981	130
981	204
981	375
981	382
981	387
981	399
981	437
981	515
981	561
981	573
981	713
981	725
981	727
981	762
981	784
981	792
981	793
981	841
981	866
981	867
981	870
981	881
981	888
981	894
981	907
981	916
981	917
981	921
981	930
981	933
981	937
981	938
981	943
981	953
981	970
981	983
981	989
981	998
982	210
982	224
982	292
982	294
982	339
982	413
982	429
982	445
982	467
982	470
982	492
982	550
982	555
982	570
982	598
982	623
982	635
982	677
982	728
982	732
982	733
982	776
982	815
982	849
982	850
982	851
982	852
982	871
982	874
982	892
982	901
982	902
982	911
982	913
982	921
982	940
982	944
982	956
982	958
982	969
982	989
982	994
983	305
983	383
983	387
983	421
983	423
983	431
983	525
983	536
983	582
983	603
983	639
983	643
983	650
983	652
983	667
983	686
983	706
983	708
983	750
983	783
983	795
983	822
983	828
983	832
983	834
983	838
983	873
983	880
983	890
983	901
983	909
983	925
983	931
983	948
983	949
983	952
983	967
983	975
983	981
983	985
983	987
983	992
983	993
984	29
984	77
984	100
984	122
984	146
984	225
984	255
984	259
984	294
984	298
984	325
984	380
984	515
984	553
984	592
984	604
984	634
984	673
984	686
984	688
984	694
984	791
984	798
984	829
984	831
984	837
984	841
984	844
984	847
984	857
984	859
984	891
984	902
984	909
984	938
984	940
984	948
984	951
984	968
984	971
984	975
984	979
984	986
985	5
985	44
985	84
985	200
985	257
985	314
985	377
985	425
985	439
985	447
985	452
985	453
985	572
985	617
985	625
985	634
985	640
985	669
985	754
985	764
985	779
985	785
985	794
985	798
985	808
985	846
985	867
985	879
985	891
985	924
985	926
985	939
985	945
985	947
985	949
985	962
985	968
985	976
985	980
985	983
985	986
985	988
985	996
986	36
986	50
986	253
986	377
986	380
986	390
986	443
986	452
986	613
986	617
986	638
986	667
986	699
986	719
986	754
986	762
986	767
986	774
986	775
986	785
986	808
986	826
986	860
986	874
986	877
986	898
986	899
986	923
986	924
986	938
986	946
986	947
986	949
986	950
986	964
986	967
986	968
986	977
986	979
986	984
986	985
986	991
986	996
987	23
987	70
987	97
987	128
987	162
987	291
987	333
987	350
987	376
987	421
987	525
987	553
987	607
987	615
987	635
987	639
987	646
987	648
987	680
987	689
987	690
987	742
987	746
987	755
987	756
987	758
987	770
987	828
987	830
987	832
987	852
987	860
987	871
987	873
987	890
987	910
987	918
987	925
987	960
987	962
987	979
987	983
987	992
987	997
988	21
988	91
988	168
988	181
988	193
988	254
988	281
988	315
988	329
988	419
988	444
988	455
988	456
988	459
988	501
988	546
988	547
988	586
988	633
988	636
988	675
988	685
988	687
988	688
988	707
988	722
988	724
988	777
988	787
988	793
988	797
988	801
988	813
988	816
988	817
988	827
988	870
988	879
988	892
988	893
988	922
988	953
988	973
988	985
988	995
989	3
989	4
989	41
989	90
989	117
989	143
989	157
989	238
989	271
989	286
989	306
989	336
989	355
989	360
989	361
989	374
989	401
989	497
989	517
989	558
989	631
989	650
989	679
989	686
989	733
989	738
989	741
989	745
989	779
989	780
989	805
989	806
989	812
989	814
989	848
989	876
989	906
989	927
989	928
989	954
989	963
989	975
989	981
989	982
989	999
989	1000
990	17
990	106
990	143
990	194
990	256
990	262
990	277
990	284
990	318
990	324
990	330
990	357
990	410
990	445
990	471
990	474
990	504
990	517
990	528
990	529
990	562
990	576
990	584
990	585
990	587
990	599
990	614
990	640
990	658
990	711
990	757
990	775
990	804
990	824
990	830
990	841
990	856
990	863
990	904
990	922
990	946
990	953
990	956
990	961
990	978
990	997
991	37
991	43
991	75
991	87
991	106
991	160
991	214
991	216
991	251
991	319
991	353
991	368
991	376
991	386
991	389
991	408
991	416
991	442
991	463
991	526
991	527
991	535
991	554
991	572
991	580
991	589
991	613
991	639
991	659
991	696
991	727
991	732
991	748
991	758
991	763
991	765
991	766
991	790
991	801
991	831
991	834
991	846
991	889
991	950
991	954
991	986
991	998
992	19
992	171
992	253
992	278
992	347
992	368
992	391
992	402
992	404
992	412
992	420
992	446
992	461
992	514
992	533
992	575
992	578
992	603
992	604
992	620
992	633
992	635
992	645
992	676
992	680
992	681
992	700
992	749
992	754
992	785
992	808
992	832
992	849
992	861
992	874
992	882
992	890
992	903
992	911
992	916
992	925
992	934
992	935
992	936
992	972
992	983
992	987
993	34
993	42
993	60
993	82
993	123
993	142
993	165
993	183
993	211
993	239
993	307
993	326
993	344
993	359
993	381
993	404
993	476
993	488
993	495
993	542
993	556
993	581
993	628
993	662
993	665
993	672
993	687
993	692
993	735
993	737
993	738
993	765
993	772
993	774
993	798
993	863
993	896
993	900
993	911
993	929
993	930
993	941
993	943
993	950
993	955
993	967
993	974
993	983
994	66
994	78
994	149
994	150
994	176
994	255
994	265
994	275
994	276
994	303
994	318
994	324
994	325
994	351
994	394
994	407
994	441
994	460
994	481
994	504
994	540
994	574
994	584
994	619
994	636
994	672
994	678
994	679
994	700
994	736
994	751
994	768
994	795
994	810
994	811
994	818
994	822
994	832
994	842
994	843
994	873
994	895
994	900
994	905
994	939
994	967
994	982
994	996
995	91
995	160
995	173
995	211
995	219
995	233
995	259
995	276
995	340
995	349
995	378
995	384
995	414
995	436
995	441
995	456
995	467
995	563
995	567
995	581
995	586
995	627
995	638
995	665
995	683
995	724
995	766
995	787
995	797
995	813
995	814
995	817
995	824
995	859
995	879
995	887
995	892
995	893
995	900
995	901
995	936
995	938
995	967
995	976
995	977
995	988
995	998
995	1000
996	35
996	69
996	163
996	200
996	358
996	400
996	415
996	422
996	431
996	432
996	439
996	506
996	509
996	583
996	591
996	625
996	638
996	646
996	667
996	680
996	689
996	725
996	754
996	764
996	767
996	785
996	793
996	794
996	808
996	826
996	838
996	840
996	860
996	883
996	888
996	916
996	937
996	939
996	941
996	942
996	944
996	945
996	947
996	962
996	967
996	969
996	985
996	986
996	994
997	45
997	66
997	131
997	134
997	151
997	177
997	178
997	205
997	218
997	222
997	267
997	280
997	292
997	327
997	395
997	402
997	409
997	415
997	422
997	426
997	451
997	455
997	466
997	470
997	482
997	556
997	574
997	577
997	606
997	618
997	622
997	627
997	664
997	691
997	759
997	769
997	773
997	776
997	836
997	871
997	881
997	899
997	928
997	957
997	958
997	959
997	966
997	987
997	990
998	2
998	54
998	75
998	87
998	148
998	149
998	153
998	210
998	212
998	301
998	331
998	332
998	350
998	358
998	368
998	376
998	389
998	408
998	416
998	427
998	442
998	527
998	554
998	600
998	613
998	663
998	693
998	697
998	708
998	712
998	732
998	748
998	766
998	834
998	837
998	874
998	888
998	889
998	912
998	918
998	939
998	950
998	955
998	961
998	965
998	979
998	981
998	991
998	995
999	8
999	41
999	72
999	90
999	171
999	209
999	264
999	281
999	283
999	292
999	369
999	377
999	381
999	401
999	538
999	541
999	546
999	563
999	587
999	616
999	627
999	647
999	648
999	686
999	698
999	718
999	738
999	770
999	777
999	779
999	790
999	814
999	848
999	851
999	858
999	859
999	869
999	902
999	908
999	916
999	927
999	935
999	939
999	954
999	962
999	968
999	977
999	989
999	1000
1000	8
1000	33
1000	248
1000	252
1000	258
1000	302
1000	329
1000	336
1000	351
1000	361
1000	412
1000	420
1000	443
1000	489
1000	505
1000	518
1000	620
1000	627
1000	647
1000	648
1000	679
1000	682
1000	685
1000	686
1000	719
1000	742
1000	755
1000	770
1000	777
1000	779
1000	781
1000	790
1000	814
1000	821
1000	848
1000	855
1000	857
1000	858
1000	869
1000	876
1000	891
1000	908
1000	936
1000	942
1000	950
1000	977
1000	989
1000	995
1000	999
