1	147
1	639
1	870
1	977
2	143
2	484
2	568
2	887
3	808
3	920
3	921
3	972
4	751
4	836
4	954
4	996
5	675
5	718
5	892
5	896
6	142
6	790
6	813
6	952
7	699
7	833
7	914
7	996
8	64
8	166
8	970
8	998
9	507
9	609
9	960
9	989
10	372
10	375
10	503
10	962
11	389
11	608
11	770
11	831
12	530
12	941
12	961
12	987
13	139
13	812
13	995
13	996
14	73
14	621
14	695
14	993
15	442
15	940
15	947
15	1000
16	758
16	901
16	934
16	941
17	213
17	287
17	432
17	711
18	25
18	453
18	929
18	955
19	59
19	327
19	431
19	896
20	492
20	550
20	904
20	977
21	133
21	272
21	943
21	997
22	255
22	917
22	972
22	982
23	593
23	928
23	956
23	969
24	551
24	892
24	974
24	976
25	18
25	575
25	738
25	927
26	236
26	630
26	751
26	801
27	149
27	615
27	765
27	833
28	777
28	809
28	906
28	913
29	531
29	908
29	959
29	965
30	234
30	275
30	358
30	943
31	53
31	793
31	835
31	952
32	842
32	954
32	956
32	993
33	295
33	893
33	916
33	921
34	103
34	865
34	938
34	952
35	758
35	926
35	944
35	987
36	436
36	930
36	956
36	964
37	798
37	863
37	949
37	956
38	83
38	454
38	795
38	987
39	101
39	766
39	973
39	985
40	133
40	638
40	839
40	989
41	340
41	341
41	863
41	865
42	221
42	907
42	919
42	989
43	783
43	821
43	828
43	980
44	511
44	651
44	882
44	951
45	359
45	751
45	895
45	994
46	104
46	705
46	915
46	951
47	334
47	753
47	934
47	984
48	576
48	859
48	907
48	972
49	254
49	519
49	623
49	907
50	403
50	572
50	614
50	912
51	178
51	903
51	931
51	943
52	80
52	639
52	871
52	967
53	31
53	813
53	872
53	962
54	692
54	772
54	949
54	993
55	467
55	736
55	793
55	872
56	300
56	891
56	944
56	947
57	733
57	849
57	890
57	898
58	548
58	711
58	713
58	895
59	19
59	490
59	795
59	855
60	770
60	801
60	836
60	963
61	227
61	820
61	844
61	949
62	304
62	790
62	923
62	965
63	603
63	741
63	975
63	992
64	8
64	664
64	915
64	989
65	322
65	884
65	988
65	995
66	657
66	682
66	943
66	958
67	543
67	607
67	846
67	942
68	339
68	464
68	692
68	823
69	753
69	887
69	893
69	980
70	283
70	636
70	929
70	985
71	531
71	798
71	961
71	987
72	429
72	722
72	824
72	836
73	14
73	291
73	948
73	990
74	271
74	667
74	960
74	980
75	557
75	638
75	644
75	831
76	448
76	595
76	919
76	992
77	580
77	606
77	650
77	962
78	219
78	787
78	888
78	977
79	355
79	892
79	961
79	987
80	52
80	848
80	864
80	996
81	597
81	610
81	834
81	964
82	538
82	630
82	667
82	906
83	38
83	602
83	785
83	984
84	471
84	541
84	567
84	973
85	334
85	343
85	787
85	881
86	864
86	912
86	936
86	995
87	121
87	827
87	869
87	905
88	496
88	752
88	898
88	917
89	153
89	326
89	896
89	901
90	169
90	640
90	933
90	967
91	277
91	635
91	923
91	958
92	758
92	849
92	917
92	998
93	434
93	455
93	825
93	995
94	705
94	762
94	852
94	943
95	413
95	560
95	715
95	828
96	432
96	449
96	920
96	935
97	242
97	988
97	995
97	996
98	351
98	684
98	779
98	933
99	269
99	355
99	507
99	932
100	622
100	955
100	969
100	999
101	39
101	453
101	723
101	988
102	556
102	727
102	927
102	993
103	34
103	809
103	900
103	916
104	46
104	608
104	874
104	932
105	818
105	897
105	928
105	952
106	435
106	465
106	610
106	897
107	170
107	868
107	926
107	987
108	495
108	805
108	807
108	851
109	478
109	534
109	968
109	971
110	522
110	697
110	912
110	952
111	165
111	462
111	657
111	828
112	613
112	799
112	888
112	921
113	604
113	714
113	973
113	985
114	269
114	458
114	634
114	960
115	624
115	889
115	974
115	999
116	233
116	635
116	759
116	919
117	407
117	551
117	763
117	835
118	740
118	875
118	890
118	927
119	260
119	263
119	907
119	950
120	845
120	910
120	951
120	954
121	87
121	642
121	702
121	994
122	452
122	525
122	839
122	882
123	867
123	947
123	971
123	978
124	303
124	431
124	618
124	796
125	828
125	979
125	980
125	983
126	833
126	928
126	974
126	999
127	282
127	453
127	703
127	858
128	293
128	957
128	961
128	987
129	371
129	552
129	690
129	834
130	172
130	347
130	413
130	895
131	316
131	563
131	790
131	924
132	494
132	633
132	794
132	945
133	21
133	40
133	533
133	947
134	398
134	643
134	789
134	940
135	392
135	621
135	685
135	724
136	884
136	922
136	970
136	975
137	438
137	444
137	795
137	995
138	626
138	819
138	946
138	994
139	13
139	816
139	957
139	961
140	333
140	374
140	969
140	999
141	843
141	860
141	924
141	965
142	6
142	256
142	928
142	999
143	2
143	170
143	947
143	982
144	258
144	499
144	729
144	963
145	490
145	899
145	988
145	996
146	226
146	900
146	909
146	977
147	1
147	857
147	897
147	950
148	194
148	309
148	472
148	982
149	27
149	463
149	746
149	993
150	619
150	788
150	815
150	844
151	893
151	952
151	957
151	987
152	760
152	867
152	894
152	981
153	89
153	527
153	885
153	951
154	451
154	523
154	811
154	879
155	352
155	777
155	909
155	953
156	920
156	942
156	954
156	969
157	382
157	775
157	918
157	1000
158	377
158	930
158	966
158	975
159	203
159	511
159	528
159	855
160	284
160	640
160	782
160	792
161	769
161	941
161	950
161	953
162	175
162	366
162	489
162	549
163	738
163	821
163	850
163	997
164	566
164	583
164	614
164	714
165	111
165	559
165	747
165	892
166	8
166	608
166	981
166	994
167	815
167	984
167	987
167	1000
168	214
168	541
168	650
168	740
169	90
169	621
169	988
169	995
170	107
170	143
170	445
170	684
171	914
171	950
171	956
171	964
172	130
172	753
172	793
172	998
173	570
173	846
173	948
173	990
174	475
174	586
174	655
174	996
175	162
175	204
175	622
175	985
176	495
176	528
176	550
176	973
177	692
177	976
177	989
177	999
178	51
178	770
178	954
178	961
179	697
179	966
179	993
179	998
180	772
180	935
180	980
180	982
181	458
181	952
181	961
181	987
182	814
182	968
182	995
182	996
183	832
183	906
183	955
183	987
184	559
184	926
184	961
184	987
185	867
185	951
185	956
185	964
186	211
186	377
186	875
186	914
187	423
187	652
187	878
187	892
188	644
188	697
188	967
188	969
189	784
189	892
189	986
189	995
190	616
190	889
190	916
190	944
191	281
191	320
191	942
191	977
192	263
192	461
192	746
192	977
193	690
193	714
193	781
193	810
194	148
194	321
194	773
194	985
195	198
195	559
195	818
195	983
196	339
196	611
196	788
196	932
197	510
197	522
197	557
197	672
198	195
198	828
198	910
198	985
199	915
199	930
199	989
199	994
200	502
200	687
200	734
200	771
201	459
201	874
201	883
201	990
202	364
202	594
202	794
202	976
203	159
203	215
203	619
203	925
204	175
204	901
204	913
204	935
205	318
205	663
205	938
205	949
206	269
206	894
206	943
206	958
207	559
207	848
207	868
207	979
208	574
208	714
208	845
208	949
209	692
209	752
209	877
209	992
210	818
210	827
210	847
210	855
211	186
211	448
211	489
211	847
212	866
212	895
212	918
212	933
213	17
213	623
213	845
213	872
214	168
214	853
214	856
214	965
215	203
215	306
215	830
215	912
216	843
216	851
216	918
216	929
217	268
217	618
217	940
217	969
218	612
218	810
218	869
218	905
219	78
219	596
219	815
219	920
220	775
220	808
220	854
220	940
221	42
221	346
221	942
221	958
222	623
222	683
222	801
222	816
223	618
223	795
223	815
223	979
224	249
224	777
224	785
224	946
225	824
225	852
225	982
225	998
226	146
226	720
226	726
226	801
227	61
227	470
227	808
227	968
228	282
228	939
228	946
228	983
229	562
229	646
229	924
229	965
230	256
230	536
230	995
230	996
231	437
231	548
231	906
231	955
231	984
232	233
232	601
232	930
232	956
232	964
233	116
233	232
233	616
233	954
233	986
234	30
234	520
234	852
234	893
234	923
235	789
235	930
235	956
235	964
235	977
236	26
236	592
236	664
236	820
236	880
237	745
237	814
237	839
237	887
237	924
238	293
238	514
238	711
238	845
238	901
239	908
239	959
239	967
239	970
239	981
240	360
240	620
240	664
240	883
240	989
241	517
241	715
241	914
241	937
241	996
242	97
242	273
242	597
242	717
242	981
243	461
243	663
243	874
243	889
243	911
244	292
244	734
244	789
244	950
244	982
245	696
245	718
245	760
245	932
245	934
246	400
246	514
246	844
246	879
246	997
247	570
247	826
247	942
247	954
247	990
248	559
248	572
248	902
248	936
248	979
249	224
249	737
249	868
249	975
249	983
250	334
250	785
250	847
250	924
250	965
251	478
251	806
251	907
251	924
251	965
252	607
252	651
252	741
252	847
252	974
253	441
253	451
253	783
253	962
253	967
254	49
254	388
254	522
254	748
254	981
255	22
255	931
255	937
255	975
255	985
256	142
256	230
256	455
256	990
256	992
257	310
257	323
257	347
257	848
257	959
258	144
258	266
258	855
258	871
258	954
259	605
259	793
259	881
259	902
259	984
260	119
260	463
260	519
260	572
260	990
261	357
261	792
261	795
261	826
261	893
262	594
262	663
262	832
262	980
262	999
263	119
263	192
263	988
263	995
263	996
264	633
264	641
264	711
264	849
264	916
265	351
265	494
265	571
265	818
265	854
266	258
266	570
266	751
266	929
266	959
267	688
267	874
267	926
267	957
267	987
268	217
268	784
268	819
268	928
268	968
269	99
269	114
269	206
269	480
269	967
270	538
270	563
270	868
270	976
270	999
271	74
271	908
271	912
271	983
271	1000
272	21
272	353
272	510
272	629
272	756
273	242
273	671
273	798
273	852
273	963
274	565
274	864
274	941
274	953
274	960
275	30
275	798
275	919
275	939
275	954
276	794
276	949
276	969
276	974
276	999
277	91
277	916
277	925
277	982
277	985
278	932
278	966
278	972
278	975
278	993
279	559
279	761
279	786
279	813
279	900
280	745
280	787
280	850
280	861
280	886
281	191
281	347
281	723
281	789
281	864
282	127
282	228
282	668
282	917
282	937
283	70
283	592
283	901
283	950
283	977
284	160
284	498
284	562
284	575
284	593
285	384
285	532
285	558
285	680
285	854
286	541
286	755
286	891
286	971
286	972
287	17
287	381
287	930
287	956
287	964
288	633
288	635
288	715
288	896
288	973
289	715
289	922
289	929
289	983
289	998
290	350
290	625
290	749
290	945
290	968
291	73
291	659
291	672
291	697
291	866
292	244
292	379
292	405
292	664
292	923
293	128
293	238
293	534
293	626
293	913
294	448
294	615
294	742
294	889
294	976
295	33
295	758
295	957
295	961
295	987
296	411
296	811
296	988
296	995
296	996
297	472
297	854
297	886
297	908
297	937
298	449
298	694
298	853
298	890
298	932
299	403
299	433
299	574
299	972
299	982
300	56
300	610
300	940
300	975
300	987
301	455
301	914
301	953
301	988
301	995
302	586
302	832
302	922
302	959
302	970
303	124
303	566
303	903
303	908
303	937
304	62
304	473
304	484
304	699
304	965
305	864
305	884
305	970
305	988
305	995
306	215
306	567
306	897
306	922
306	968
307	573
307	629
307	648
307	909
307	991
308	668
308	778
308	978
308	982
308	994
309	148
309	348
309	832
309	897
309	945
310	257
310	346
310	643
310	848
310	944
311	359
311	562
311	699
311	853
311	924
312	478
312	658
312	902
312	925
312	937
313	552
313	800
313	950
313	982
313	1000
314	444
314	711
314	739
314	910
314	934
315	418
315	836
315	859
315	916
315	948
316	131
316	530
316	910
316	967
316	997
317	325
317	606
317	835
317	897
317	901
318	205
318	516
318	530
318	933
318	983
319	481
319	865
319	927
319	955
319	999
320	191
320	385
320	444
320	446
320	522
321	194
321	892
321	924
321	948
321	992
322	65
322	399
322	855
322	880
322	894
323	257
323	560
323	957
323	961
323	987
324	595
324	662
324	916
324	974
324	976
325	317
325	767
325	963
325	989
325	994
326	89
326	636
326	715
326	970
326	981
327	19
327	540
327	839
327	990
327	993
328	396
328	642
328	927
328	934
328	999
329	461
329	693
329	742
329	795
329	984
330	659
330	806
330	813
330	965
330	978
331	452
331	578
331	850
331	961
331	992
332	717
332	741
332	907
332	966
332	986
333	140
333	784
333	813
333	869
333	999
334	47
334	85
334	250
334	476
334	964
335	370
335	744
335	890
335	945
335	986
336	780
336	873
336	897
336	995
336	996
337	905
337	934
337	953
337	958
337	985
338	452
338	491
338	689
338	942
338	945
339	68
339	196
339	808
339	814
339	939
340	41
340	896
340	982
340	990
340	991
341	41
341	674
341	752
341	823
341	953
342	800
342	944
342	945
342	972
342	991
343	85
343	762
343	878
343	922
343	970
344	670
344	684
344	769
344	988
344	995
345	382
345	811
345	842
345	973
345	984
346	221
346	310
346	406
346	789
346	983
347	130
347	257
347	281
347	864
347	935
348	309
348	591
348	692
348	754
348	869
349	637
349	731
349	771
349	891
349	935
350	290
350	517
350	849
350	909
350	935
351	98
351	265
351	795
351	967
351	975
352	155
352	558
352	633
352	787
352	970
353	272
353	514
353	639
353	699
353	939
354	467
354	844
354	950
354	951
354	959
355	79
355	99
355	884
355	988
355	996
356	509
356	708
356	722
356	877
356	955
357	261
357	367
357	592
357	648
357	658
358	30
358	518
358	893
358	942
358	954
359	45
359	311
359	569
359	778
359	961
360	240
360	387
360	585
360	887
360	939
361	469
361	703
361	822
361	842
361	994
362	725
362	817
362	892
362	948
362	965
363	780
363	813
363	848
363	957
363	987
364	202
364	601
364	920
364	976
364	999
365	661
365	840
365	922
365	959
365	988
366	162
366	859
366	877
366	889
366	998
367	357
367	438
367	664
367	795
367	952
367	992
368	623
368	667
368	873
368	914
368	988
368	996
369	521
369	666
369	851
369	871
369	897
369	975
370	335
370	388
370	491
370	776
370	798
370	909
371	129
371	515
371	619
371	682
371	825
371	923
372	10
372	432
372	750
372	890
372	934
372	984
373	581
373	676
373	707
373	886
373	892
373	937
374	140
374	381
374	694
374	807
374	907
374	986
375	10
375	474
375	750
375	770
375	962
375	996
376	599
376	748
376	897
376	905
376	906
376	932
377	158
377	186
377	807
377	838
377	891
377	966
378	411
378	765
378	834
378	920
378	960
378	993
379	292
379	603
379	656
379	848
379	864
379	967
380	646
380	685
380	815
380	816
380	898
380	915
381	287
381	374
381	776
381	903
381	945
381	991
382	157
382	345
382	640
382	672
382	919
382	933
383	587
383	778
383	912
383	916
383	947
383	978
384	285
384	595
384	734
384	769
384	932
384	951
385	320
385	646
385	746
385	815
385	819
385	850
386	437
386	666
386	735
386	804
386	955
386	983
387	360
387	539
387	782
387	810
387	944
387	972
388	254
388	370
388	460
388	789
388	792
388	990
389	11
389	454
389	868
389	899
389	913
389	962
390	706
390	757
390	875
390	911
390	929
390	968
391	450
391	488
391	576
391	800
391	935
391	972
392	135
392	513
392	647
392	677
392	730
392	986
393	477
393	641
393	826
393	958
393	984
393	1000
394	464
394	588
394	835
394	898
394	979
394	983
395	668
395	756
395	779
395	878
395	933
395	961
396	328
396	538
396	753
396	785
396	832
396	906
397	768
397	853
397	895
397	913
397	960
397	967
398	134
398	405
398	613
398	864
398	894
398	909
399	322
399	545
399	621
399	806
399	851
399	933
400	246
400	510
400	700
400	831
400	910
400	990
401	700
401	930
401	935
401	966
401	975
401	993
402	435
402	580
402	611
402	851
402	944
402	947
403	50
403	299
403	555
403	663
403	830
403	936
404	619
404	830
404	879
404	902
404	904
404	952
405	292
405	398
405	518
405	656
405	817
405	880
406	346
406	661
406	848
406	864
406	903
406	995
407	117
407	527
407	850
407	910
407	967
407	997
408	587
408	656
408	755
408	823
408	830
408	976
409	490
409	500
409	624
409	729
409	973
409	992
410	498
410	505
410	794
410	949
410	980
410	1000
411	296
411	378
411	497
411	683
411	836
411	994
412	544
412	904
412	912
412	939
412	952
412	998
413	95
413	130
413	578
413	617
413	637
413	911
414	480
414	664
414	785
414	818
414	905
414	945
415	477
415	706
415	843
415	886
415	931
415	937
416	499
416	759
416	909
416	941
416	946
416	1000
417	701
417	882
417	893
417	921
417	958
417	999
418	315
418	606
418	930
418	971
418	982
418	984
419	765
419	846
419	934
419	979
419	983
419	989
420	516
420	710
420	809
420	849
420	955
420	983
421	506
421	741
421	863
421	902
421	936
421	952
422	587
422	645
422	884
422	889
422	995
422	996
423	187
423	759
423	926
423	957
423	961
423	987
424	545
424	792
424	919
424	988
424	995
424	996
425	847
425	859
425	916
425	957
425	971
425	972
426	453
426	896
426	927
426	928
426	976
426	980
427	538
427	724
427	838
427	924
427	961
427	979
428	498
428	907
428	909
428	977
428	991
428	992
429	72
429	616
429	724
429	743
429	941
429	992
430	480
430	511
430	700
430	742
430	969
430	999
431	19
431	124
431	628
431	938
431	963
431	989
432	17
432	96
432	372
432	873
432	953
432	967
433	299
433	911
433	917
433	963
433	970
433	981
434	93
434	519
434	821
434	824
434	990
434	992
435	106
435	402
435	536
435	767
435	883
435	974
436	36
436	757
436	759
436	886
436	916
436	994
437	231
437	386
437	816
437	898
437	938
437	973
438	137
438	367
438	708
438	883
438	918
438	923
439	758
439	877
439	949
439	974
439	979
439	988
440	648
440	807
440	907
440	940
440	966
440	975
441	253
441	481
441	505
441	518
441	933
441	978
442	15
442	614
442	807
442	877
442	975
442	993
443	536
443	761
443	765
443	862
443	940
443	975
444	137
444	314
444	320
444	706
444	906
444	932
445	170
445	580
445	590
445	660
445	778
445	978
446	320
446	834
446	876
446	930
446	956
446	964
447	620
447	812
447	899
447	955
447	960
447	979
448	76
448	211
448	294
448	540
448	750
448	991
449	96
449	298
449	691
449	869
449	961
449	976
450	391
450	759
450	865
450	891
450	903
450	971
451	154
451	253
451	647
451	815
451	977
451	984
452	122
452	331
452	338
452	725
452	739
452	917
453	18
453	101
453	127
453	426
453	828
453	915
454	38
454	389
454	896
454	981
454	984
454	1000
455	93
455	256
455	301
455	483
455	991
455	992
456	475
456	685
456	876
456	930
456	956
456	964
457	488
457	638
457	673
457	680
457	723
457	746
458	114
458	181
458	709
458	715
458	908
458	973
459	201
459	461
459	628
459	762
459	862
459	950
460	388
460	794
460	887
460	915
460	961
460	980
461	192
461	243
461	329
461	459
461	802
461	933
462	111
462	754
462	757
462	836
462	949
462	963
463	149
463	260
463	633
463	838
463	862
463	966
464	68
464	394
464	500
464	902
464	936
464	952
465	106
465	588
465	646
465	751
465	879
465	990
466	702
466	902
466	930
466	956
466	964
466	997
467	55
467	354
467	804
467	840
467	951
467	952
468	761
468	865
468	927
468	974
468	995
468	999
469	361
469	480
469	860
469	921
469	923
469	942
469	978
470	227
470	476
470	707
470	933
470	949
470	959
470	998
471	84
471	591
471	675
471	728
471	775
471	894
471	970
472	148
472	297
472	847
472	913
472	915
472	946
472	989
473	304
473	837
473	926
473	945
473	957
473	980
473	987
474	375
474	617
474	763
474	818
474	844
474	924
474	951
475	174
475	456
475	788
475	815
475	988
475	995
475	996
476	334
476	470
476	557
476	726
476	869
476	934
476	945
477	393
477	415
477	748
477	820
477	900
477	910
477	984
478	109
478	251
478	312
478	851
478	943
478	971
478	982
479	560
479	603
479	633
479	654
479	703
479	740
479	875
480	269
480	414
480	430
480	469
480	549
480	711
480	818
481	319
481	441
481	678
481	739
481	920
481	967
481	997
482	556
482	889
482	897
482	969
482	976
482	994
482	999
483	455
483	858
483	885
483	938
483	955
483	983
483	985
484	2
484	304
484	558
484	580
484	925
484	935
484	947
485	523
485	531
485	606
485	721
485	942
485	977
485	1000
486	874
486	915
486	920
486	972
486	973
486	989
486	995
487	744
487	756
487	779
487	831
487	878
487	885
487	981
488	391
488	457
488	495
488	665
488	809
488	848
488	1000
489	162
489	211
489	753
489	764
489	863
489	881
489	981
490	59
490	145
490	409
490	612
490	814
490	851
490	897
491	338
491	370
491	718
491	842
491	953
491	986
491	989
492	20
492	777
492	829
492	895
492	902
492	938
492	955
493	502
493	733
493	791
493	846
493	871
493	883
493	941
494	132
494	265
494	534
494	686
494	787
494	835
494	913
495	108
495	176
495	488
495	501
495	918
495	941
495	945
496	88
496	501
496	511
496	894
496	917
496	927
496	963
497	411
497	732
497	800
497	919
497	986
497	990
497	991
498	284
498	410
498	428
498	771
498	805
498	966
498	980
499	144
499	416
499	543
499	925
499	928
499	932
499	988
500	409
500	464
500	743
500	804
500	892
500	922
500	999
501	495
501	496
501	583
501	861
501	948
501	968
501	970
502	200
502	493
502	706
502	832
502	953
502	964
502	968
503	10
503	707
503	754
503	876
503	930
503	964
503	971
504	721
504	734
504	816
504	929
504	941
504	950
504	1000
505	410
505	441
505	591
505	783
505	921
505	942
505	943
506	421
506	819
506	956
506	960
506	982
506	985
506	994
507	9
507	99
507	672
507	691
507	761
507	785
507	938
508	700
508	704
508	825
508	934
508	988
508	995
508	996
509	356
509	543
509	737
509	786
509	832
509	955
509	960
510	197
510	272
510	400
510	524
510	569
510	960
510	985
511	44
511	159
511	430
511	496
511	731
511	962
511	973
512	575
512	672
512	677
512	821
512	840
512	864
512	938
513	392
513	609
513	926
513	949
513	957
513	961
513	987
514	238
514	246
514	353
514	640
514	912
514	971
514	997
515	371
515	559
515	588
515	774
515	786
515	817
515	958
516	318
516	420
516	594
516	691
516	867
516	922
516	936
517	241
517	350
517	597
517	984
517	988
517	995
517	996
518	358
518	405
518	441
518	567
518	583
518	852
518	981
519	49
519	260
519	434
519	665
519	826
519	894
519	1000
520	234
520	748
520	881
520	883
520	887
520	925
520	950
521	369
521	661
521	733
521	918
521	977
521	980
521	1000
522	110
522	197
522	254
522	320
522	592
522	862
522	1000
523	154
523	485
523	881
523	918
523	954
523	996
523	998
524	510
524	770
524	830
524	885
524	887
524	946
524	973
525	122
525	620
525	681
525	860
525	928
525	974
525	976
526	686
526	802
526	867
526	876
526	956
526	964
526	981
527	153
527	407
527	555
527	722
527	755
527	830
527	952
528	159
528	176
528	635
528	823
528	830
528	936
528	952
529	547
529	926
529	954
529	957
529	961
529	970
529	987
530	12
530	316
530	318
530	696
530	858
530	942
530	958
531	29
531	71
531	485
531	636
531	877
531	894
531	972
532	285
532	613
532	643
532	679
532	789
532	864
532	992
533	133
533	652
533	653
533	783
533	797
533	967
533	998
534	109
534	293
534	494
534	581
534	682
534	844
534	919
535	562
535	659
535	716
535	740
535	806
535	856
535	878
536	230
536	435
536	443
536	754
536	767
536	828
536	880
537	692
537	712
537	959
537	968
537	976
537	981
537	986
538	82
538	270
538	396
538	427
538	912
538	917
538	955
539	387
539	651
539	935
539	936
539	947
539	971
539	994
540	327
540	448
540	557
540	643
540	824
540	893
540	990
541	84
541	168
541	286
541	613
541	643
541	656
541	789
542	620
542	640
542	712
542	872
542	946
542	951
542	954
543	67
543	499
543	509
543	744
543	880
543	909
543	941
544	412
544	886
544	908
544	931
544	937
544	988
544	993
545	399
545	424
545	702
545	827
545	904
545	905
545	932
546	783
546	858
546	882
546	923
546	942
546	958
546	992
547	529
547	867
547	890
547	930
547	950
547	956
547	964
548	58
548	231
548	718
548	749
548	776
548	827
548	871
549	162
549	480
549	694
549	939
549	940
549	975
549	993
550	20
550	176
550	736
550	778
550	841
550	984
550	988
551	24
551	117
551	690
551	892
551	951
551	962
551	985
552	129
552	313
552	812
552	891
552	944
552	961
552	971
553	773
553	826
553	865
553	889
553	927
553	969
553	999
554	873
554	888
554	914
554	954
554	988
554	993
554	995
555	403
555	527
555	587
555	711
555	922
555	936
555	981
556	102
556	482
556	737
556	838
556	875
556	877
556	940
557	75
557	197
557	476
557	540
557	918
557	954
557	1000
558	285
558	352
558	484
558	617
558	849
558	880
558	953
558	983
559	165
559	184
559	195
559	207
559	248
559	279
559	515
559	913
560	95
560	323
560	479
560	716
560	812
560	862
560	875
560	965
561	809
561	827
561	916
561	925
561	957
561	972
561	981
561	982
562	229
562	284
562	311
562	535
562	630
562	740
562	810
562	812
563	131
563	270
563	709
563	823
563	889
563	958
563	969
563	976
564	624
564	730
564	776
564	831
564	892
564	919
564	930
564	983
565	274
565	754
565	827
565	878
565	890
565	941
565	957
565	990
566	164
566	303
566	610
566	883
566	917
566	922
566	946
566	949
567	84
567	306
567	518
567	691
567	742
567	760
567	917
567	938
568	2
568	600
568	734
568	842
568	961
568	970
568	981
568	998
569	359
569	510
569	666
569	747
569	842
569	888
569	920
569	973
570	173
570	247
570	266
570	780
570	804
570	826
570	875
570	962
571	265
571	600
571	853
571	854
571	914
571	920
571	969
571	993
572	50
572	248
572	260
572	823
572	900
572	949
572	952
572	961
573	307
573	652
573	827
573	956
573	959
573	986
573	990
573	992
574	208
574	299
574	608
574	809
574	925
574	940
574	971
574	978
575	25
575	284
575	512
575	600
575	748
575	967
575	991
575	997
576	48
576	391
576	737
576	888
576	940
576	975
576	990
576	993
577	766
577	807
577	854
577	906
577	908
577	940
577	975
577	993
578	331
578	413
578	657
578	829
578	910
578	966
578	994
578	997
579	611
579	675
579	814
579	948
579	960
579	973
579	979
579	994
580	77
580	402
580	445
580	484
580	778
580	809
580	841
580	937
581	373
581	534
581	645
581	701
581	702
581	894
581	903
581	931
582	615
582	642
582	663
582	696
582	710
582	711
582	898
582	918
583	164
583	501
583	518
583	661
583	721
583	922
583	930
583	951
584	599
584	811
584	822
584	921
584	938
584	942
584	943
584	958
585	360
585	589
585	717
585	889
585	915
585	976
585	988
585	989
586	174
586	302
586	791
586	935
586	938
586	944
586	947
586	978
587	383
587	408
587	422
587	555
587	701
587	719
587	900
587	983
588	394
588	465
588	515
588	833
588	885
588	896
588	899
588	959
589	585
589	610
589	685
589	690
589	959
589	975
589	981
589	998
590	445
590	597
590	751
590	753
590	911
590	934
590	959
590	982
591	348
591	471
591	505
591	846
591	893
591	929
591	943
591	978
592	236
592	283
592	357
592	522
592	752
592	761
592	827
592	881
593	23
593	284
593	664
593	746
593	801
593	841
593	953
593	977
594	202
594	262
594	516
594	764
594	885
594	899
594	906
594	989
595	76
595	324
595	384
595	681
595	710
595	974
595	983
595	999
596	219
596	756
596	805
596	874
596	932
596	953
596	962
596	980
597	81
597	242
597	517
597	590
597	616
597	724
597	973
597	985
598	684
598	928
598	933
598	969
598	970
598	974
598	988
598	999
599	376
599	584
599	614
599	785
599	842
599	893
599	943
599	958
600	568
600	571
600	575
600	656
600	736
600	888
600	975
600	986
601	232
601	364
601	778
601	896
601	948
601	986
601	992
601	996
602	83
602	755
602	815
602	841
602	857
602	874
602	925
602	945
603	63
603	379
603	479
603	871
603	888
603	940
603	966
603	993
604	113
604	799
604	838
604	853
604	862
604	890
604	955
604	993
605	259
605	824
605	840
605	857
605	944
605	950
605	997
605	1000
606	77
606	317
606	418
606	485
606	731
606	750
606	767
606	995
607	67
607	252
607	686
607	790
607	847
607	931
607	965
607	998
608	11
608	104
608	166
608	574
608	692
608	835
608	845
608	951
609	9
609	513
609	672
609	700
609	831
609	895
609	967
609	993
610	81
610	106
610	300
610	566
610	589
610	738
610	968
610	970
611	196
611	402
611	579
611	662
611	811
611	927
611	939
611	954
611	975
612	218
612	490
612	733
612	827
612	859
612	876
612	945
612	979
612	1000
613	112
613	398
613	532
613	541
613	725
613	816
613	848
613	864
613	997
614	50
614	164
614	442
614	599
614	882
614	921
614	923
614	939
614	942
615	27
615	294
615	582
615	809
615	829
615	850
615	898
615	976
615	983
616	190
616	233
616	429
616	597
616	702
616	771
616	859
616	946
616	954
617	413
617	474
617	558
617	713
617	850
617	859
617	895
617	913
617	997
618	124
618	217
618	223
618	779
618	939
618	960
618	962
618	963
618	989
619	150
619	203
619	371
619	404
619	872
619	951
619	962
619	964
619	995
620	240
620	447
620	525
620	542
620	739
620	842
620	941
620	946
620	994
621	14
621	135
621	169
621	399
621	816
621	874
621	884
621	980
621	984
622	100
622	175
622	690
622	800
622	845
622	901
622	905
622	951
622	962
623	49
623	213
623	222
623	368
623	626
623	804
623	892
623	972
623	990
624	115
624	409
624	564
624	637
624	783
624	792
624	896
624	992
624	997
625	290
625	704
625	710
625	747
625	774
625	782
625	829
625	898
625	979
626	138
626	293
626	623
626	720
626	801
626	900
626	904
626	936
626	952
627	788
627	807
627	817
627	818
627	853
627	888
627	966
627	982
627	993
628	431
628	459
628	690
628	707
628	816
628	857
628	943
628	950
628	1000
629	272
629	307
629	730
629	741
629	743
629	945
629	976
629	979
629	992
630	26
630	82
630	562
630	719
630	902
630	904
630	912
630	929
630	967
631	730
631	784
631	807
631	861
631	903
631	908
631	931
631	937
631	986
632	660
632	718
632	774
632	936
632	940
632	946
632	966
632	975
632	993
633	132
633	264
633	288
633	352
633	463
633	479
633	734
633	869
633	920
634	114
634	691
634	706
634	733
634	819
634	873
634	920
634	985
634	989
635	91
635	116
635	288
635	528
635	732
635	841
635	939
635	973
635	985
636	70
636	326
636	531
636	637
636	887
636	959
636	974
636	975
636	985
637	349
637	413
637	624
637	636
637	744
637	879
637	906
637	986
637	990
638	40
638	75
638	457
638	665
638	837
638	900
638	950
638	980
638	1000
639	1
639	52
639	353
639	768
639	840
639	856
639	866
639	955
639	997
640	90
640	160
640	382
640	514
640	542
640	828
640	832
640	860
640	878
641	264
641	393
641	667
641	786
641	829
641	879
641	899
641	948
641	983
642	121
642	328
642	582
642	782
642	802
642	865
642	974
642	976
642	998
643	134
643	310
643	532
643	540
643	541
643	714
643	848
643	966
643	999
644	75
644	188
644	742
644	784
644	880
644	928
644	969
644	980
644	999
645	422
645	581
645	668
645	676
645	716
645	819
645	908
645	931
645	987
646	229
646	380
646	385
646	465
646	907
646	973
646	986
646	990
646	991
647	392
647	451
647	673
647	724
647	752
647	780
647	948
647	986
647	992
648	307
648	357
648	440
648	707
648	737
648	867
648	876
648	956
648	964
649	677
649	831
649	839
649	840
649	891
649	895
649	955
649	957
649	976
650	77
650	168
650	689
650	806
650	812
650	813
650	856
650	912
650	965
651	44
651	252
651	539
651	704
651	740
651	813
651	850
651	875
651	978
652	187
652	533
652	573
652	770
652	803
652	879
652	913
652	919
652	1000
653	533
653	712
653	886
653	903
653	908
653	931
653	937
653	987
653	994
654	479
654	699
654	784
654	820
654	856
654	924
654	947
654	965
654	973
655	174
655	674
655	678
655	877
655	887
655	923
655	949
655	958
655	998
656	379
656	405
656	408
656	541
656	600
656	848
656	864
656	873
656	921
657	66
657	111
657	578
657	756
657	822
657	831
657	918
657	928
657	967
658	312
658	357
658	810
658	833
658	916
658	962
658	971
658	972
658	987
659	291
659	330
659	535
659	694
659	800
659	854
659	966
659	975
659	993
660	445
660	632
660	853
660	862
660	880
660	920
660	975
660	978
660	993
661	365
661	406
661	521
661	583
661	911
661	917
661	958
661	969
661	998
662	324
662	611
662	752
662	821
662	862
662	917
662	968
662	970
662	998
663	205
663	243
663	262
663	403
663	582
663	666
663	667
663	708
663	906
664	64
664	236
664	240
664	292
664	367
664	414
664	593
664	950
664	984
665	488
665	519
665	638
665	687
665	807
665	874
665	950
665	965
665	984
665	1000
666	369
666	386
666	569
666	663
666	849
666	851
666	890
666	898
666	945
666	953
667	74
667	82
667	368
667	641
667	663
667	704
667	735
667	899
667	983
667	997
668	282
668	308
668	395
668	645
668	772
668	779
668	861
668	899
668	903
668	908
669	825
669	868
669	884
669	910
669	914
669	939
669	988
669	995
669	996
669	1000
670	344
670	825
670	870
670	873
670	898
670	914
670	918
670	948
670	988
670	996
671	273
671	743
671	781
671	803
671	804
671	862
671	884
671	948
671	991
671	1000
672	197
672	291
672	382
672	507
672	512
672	609
672	713
672	828
672	975
672	992
673	457
673	647
673	787
673	918
673	977
673	978
673	980
673	983
673	991
673	1000
674	341
674	655
674	675
674	762
674	818
674	824
674	852
674	855
674	887
674	981
675	5
675	471
675	579
675	674
675	863
675	904
675	911
675	949
675	968
675	977
676	373
676	645
676	701
676	728
676	844
676	861
676	931
676	937
676	963
676	965
677	392
677	512
677	649
677	713
677	723
677	840
677	852
677	933
677	950
677	973
678	481
678	655
678	806
678	843
678	877
678	911
678	968
678	970
678	971
678	972
679	532
679	707
679	727
679	808
679	867
679	876
679	930
679	945
679	956
679	964
680	285
680	457
680	719
680	754
680	871
680	897
680	905
680	945
680	986
680	990
681	525
681	595
681	749
681	802
681	877
681	927
681	976
681	979
681	999
681	1000
682	66
682	371
682	534
682	686
682	788
682	829
682	844
682	883
682	951
682	976
683	222
683	411
683	741
683	825
683	860
683	881
683	919
683	986
683	991
683	992
684	98
684	170
684	344
684	598
684	889
684	927
684	938
684	957
684	969
684	974
685	135
685	380
685	456
685	589
685	840
685	857
685	868
685	976
685	980
685	1000
686	494
686	526
686	607
686	682
686	705
686	762
686	763
686	901
686	965
686	990
687	200
687	665
687	802
687	883
687	902
687	927
687	969
687	974
687	976
687	999
688	267
688	813
688	825
688	865
688	873
688	884
688	914
688	955
688	988
688	995
689	338
689	650
689	693
689	725
689	754
689	828
689	849
689	897
689	941
689	996
690	129
690	193
690	551
690	589
690	622
690	628
690	775
690	910
690	943
690	962
691	449
691	507
691	516
691	567
691	634
691	708
691	880
691	898
691	906
691	955
692	54
692	68
692	177
692	209
692	348
692	537
692	608
692	773
692	929
692	959
693	329
693	689
693	723
693	780
693	867
693	875
693	876
693	930
693	956
693	964
694	298
694	374
694	549
694	659
694	736
694	760
694	888
694	938
694	940
694	975
695	14
695	743
695	805
695	841
695	890
695	921
695	974
695	980
695	990
695	1000
696	245
696	530
696	582
696	712
696	773
696	882
696	923
696	942
696	943
696	958
697	110
697	179
697	188
697	291
697	811
697	828
697	840
697	850
697	926
697	997
698	792
698	858
698	894
698	921
698	923
698	943
698	958
698	969
698	991
698	994
699	7
699	304
699	311
699	353
699	654
699	704
699	796
699	834
699	924
699	989
700	400
700	401
700	430
700	508
700	609
700	756
700	821
700	910
700	919
700	997
701	417
701	581
701	587
701	676
701	745
701	772
701	861
701	882
701	886
701	908
702	121
702	466
702	545
702	581
702	616
702	713
702	819
702	925
702	973
702	989
702	994
703	127
703	361
703	479
703	714
703	772
703	843
703	861
703	903
703	908
703	931
703	959
704	508
704	625
704	651
704	667
704	699
704	716
704	806
704	813
704	814
704	965
704	995
705	46
705	94
705	686
705	793
705	796
705	913
705	936
705	951
705	972
705	989
705	996
706	390
706	415
706	444
706	502
706	634
706	763
706	897
706	905
706	909
706	932
706	941
707	373
707	470
707	503
707	628
707	648
707	679
707	867
707	930
707	956
707	964
707	997
708	356
708	438
708	663
708	691
708	710
708	839
708	866
708	868
708	915
708	938
708	979
709	458
709	563
709	742
709	784
709	802
709	927
709	951
709	966
709	969
709	976
709	997
710	420
710	582
710	595
710	625
710	708
710	765
710	955
710	974
710	976
710	983
710	993
711	17
711	58
711	238
711	264
711	314
711	480
711	555
711	582
711	750
711	851
711	934
712	537
712	542
712	653
712	696
712	796
712	811
712	946
712	954
712	963
712	979
712	985
713	58
713	617
713	672
713	677
713	702
713	779
713	792
713	839
713	864
713	933
713	962
714	113
714	164
714	193
714	208
714	643
714	703
714	760
714	929
714	980
714	981
714	998
715	95
715	241
715	288
715	289
715	326
715	458
715	735
715	960
715	985
715	989
715	994
716	535
716	560
716	645
716	704
716	754
716	813
716	847
716	848
716	856
716	924
716	992
717	242
717	332
717	585
717	719
717	765
717	770
717	798
717	923
717	960
717	989
717	994
718	5
718	245
718	491
718	548
718	632
718	733
718	818
718	844
718	846
718	880
718	890
719	587
719	630
719	680
719	717
719	801
719	823
719	902
719	910
719	936
719	944
719	998
720	226
720	626
720	755
720	830
720	899
720	902
720	904
720	907
720	916
720	952
720	953
721	485
721	504
721	583
721	748
721	881
721	883
721	925
721	962
721	984
721	994
721	996
722	72
722	356
722	527
722	902
722	904
722	912
722	914
722	936
722	952
722	966
722	994
723	101
723	281
723	457
723	677
723	693
723	797
723	826
723	840
723	910
723	916
723	997
724	135
724	427
724	429
724	597
724	647
724	777
724	885
724	898
724	899
724	946
724	979
725	362
725	452
725	613
725	689
725	851
725	861
725	872
725	880
725	905
725	909
725	934
726	226
726	476
726	798
726	836
726	856
726	920
726	963
726	973
726	976
726	977
726	989
727	102
727	679
727	873
727	884
727	914
727	925
727	959
727	981
727	988
727	995
727	996
728	471
728	676
728	761
728	781
728	797
728	810
728	870
728	944
728	957
728	971
728	982
729	144
729	409
729	756
729	804
729	826
729	851
729	883
729	907
729	944
729	986
729	990
730	392
730	564
730	629
730	631
730	778
730	804
730	832
730	941
730	982
730	986
730	991
731	349
731	511
731	606
731	763
731	775
731	835
731	872
731	913
731	972
731	974
731	979
732	497
732	635
732	791
732	837
732	843
732	856
732	926
732	957
732	961
732	987
732	995
733	57
733	493
733	521
733	612
733	634
733	718
733	808
733	861
733	880
733	953
733	965
734	200
734	244
734	384
734	504
734	568
734	633
734	890
734	909
734	930
734	941
734	953
735	386
735	667
735	715
735	784
735	829
735	879
735	899
735	904
735	938
735	955
735	960
735	983
736	55
736	550
736	600
736	694
736	737
736	803
736	843
736	853
736	858
736	888
736	940
736	966
737	249
737	509
737	556
737	576
737	648
737	736
737	799
737	862
737	908
737	966
737	984
737	993
738	25
738	163
738	610
738	760
738	820
738	859
738	863
738	901
738	917
738	949
738	967
738	970
739	314
739	452
739	481
739	620
739	760
739	783
739	797
739	866
739	885
739	933
739	948
739	997
740	118
740	168
740	479
740	535
740	562
740	651
740	856
740	882
740	895
740	902
740	935
740	950
741	63
741	252
741	332
741	421
741	629
741	683
741	864
741	879
741	896
741	919
741	983
741	988
742	294
742	329
742	430
742	567
742	644
742	709
742	784
742	927
742	944
742	974
742	977
742	998
743	429
743	500
743	629
743	671
743	695
743	744
743	800
743	803
743	879
743	932
743	934
743	957
744	335
744	487
744	543
744	637
744	743
744	826
744	948
744	976
744	986
744	991
744	992
744	999
745	237
745	280
745	701
745	772
745	777
745	870
745	886
745	903
745	931
745	937
745	943
745	953
746	149
746	192
746	385
746	457
746	593
746	767
746	820
746	870
746	891
746	973
746	980
746	1000
747	165
747	569
747	625
747	761
747	785
747	858
747	868
747	890
747	911
747	919
747	979
747	983
748	254
748	376
748	477
748	520
748	575
748	721
748	823
748	977
748	980
748	984
748	985
748	987
749	290
749	548
749	681
749	808
749	815
749	827
749	849
749	905
749	909
749	945
749	970
749	996
750	372
750	375
750	448
750	606
750	711
750	762
750	775
750	872
750	913
750	944
750	962
750	998
751	4
751	26
751	45
751	266
751	465
751	590
751	758
751	843
751	882
751	894
751	929
751	968
752	88
752	209
752	341
752	592
752	647
752	662
752	843
752	882
752	922
752	951
752	970
752	988
753	47
753	69
753	172
753	396
753	489
753	590
753	805
753	814
753	917
753	931
753	968
753	998
754	348
754	462
754	503
754	536
754	565
754	680
754	689
754	716
754	871
754	933
754	953
754	969
755	286
755	408
755	527
755	602
755	720
755	801
755	903
755	904
755	936
755	952
755	988
755	989
756	272
756	395
756	487
756	596
756	657
756	700
756	729
756	768
756	821
756	857
756	944
756	979
757	390
757	436
757	462
757	766
757	882
757	897
757	939
757	960
757	963
757	989
757	992
757	993
758	16
758	35
758	92
758	295
758	439
758	751
758	843
758	911
758	916
758	968
758	981
758	997
759	116
759	416
759	423
759	436
759	450
759	808
759	811
759	915
759	934
759	963
759	973
759	974
760	152
760	245
760	567
760	694
760	714
760	738
760	739
760	959
760	970
760	977
760	981
760	995
761	279
761	443
761	468
761	507
761	592
761	728
761	747
761	785
761	938
761	955
761	983
761	989
762	94
762	343
762	459
762	674
762	686
762	750
762	788
762	793
762	844
762	876
762	929
762	951
763	117
763	474
763	686
763	706
763	731
763	872
763	894
763	901
763	943
763	945
763	962
763	991
763	998
764	489
764	594
764	782
764	791
764	837
764	880
764	926
764	957
764	961
764	967
764	987
764	991
765	27
765	378
765	419
765	443
765	710
765	717
765	829
765	832
765	885
765	899
765	931
765	979
765	981
766	39
766	577
766	757
766	777
766	808
766	822
766	906
766	923
766	946
766	953
766	960
766	992
766	994
767	325
767	435
767	536
767	606
767	746
767	769
767	803
767	818
767	880
767	897
767	934
767	953
767	976
768	397
768	639
768	756
768	779
768	802
768	822
768	825
768	905
768	910
768	933
768	945
768	995
768	997
769	161
769	344
769	384
769	767
769	870
769	890
769	897
769	932
769	941
769	945
769	983
769	986
769	997
770	11
770	60
770	178
770	375
770	524
770	652
770	717
770	957
770	969
770	985
770	989
770	994
770	997
771	200
771	349
771	498
771	616
771	781
771	822
771	870
771	896
771	912
771	916
771	935
771	971
771	978
772	54
772	180
772	668
772	701
772	703
772	745
772	802
772	886
772	903
772	908
772	937
772	969
772	977
773	194
773	553
773	692
773	696
773	876
773	888
773	894
773	911
773	917
773	949
773	964
773	970
773	998
774	515
774	625
774	632
774	777
774	810
774	833
774	868
774	898
774	906
774	971
774	979
774	987
774	996
775	157
775	220
775	471
775	690
775	731
775	750
775	845
775	856
775	901
775	940
775	951
775	955
775	962
776	370
776	381
776	548
776	564
776	812
776	817
776	829
776	896
776	919
776	986
776	991
776	992
776	993
777	28
777	155
777	224
777	492
777	724
777	745
777	766
777	774
777	786
777	835
777	873
777	938
777	973
778	308
778	359
778	383
778	445
778	550
778	580
778	601
778	730
778	870
778	922
778	947
778	978
778	982
779	98
779	395
779	487
779	618
779	668
779	713
779	768
779	786
779	821
779	850
779	864
779	950
779	997
780	336
780	363
780	570
780	647
780	693
780	804
780	879
780	899
780	907
780	918
780	919
780	954
780	986
781	193
781	671
781	728
781	771
781	791
781	870
781	898
781	925
781	940
781	947
781	956
781	972
781	978
781	989
782	160
782	387
782	625
782	642
782	764
782	791
782	835
782	837
782	926
782	957
782	961
782	970
782	987
783	43
783	253
783	505
783	533
783	546
783	624
783	739
783	797
783	812
783	850
783	866
783	991
783	994
783	997
784	189
784	268
784	333
784	631
784	644
784	654
784	709
784	735
784	742
784	949
784	969
784	974
784	986
784	999
785	83
785	224
785	250
785	396
785	414
785	507
785	599
785	747
785	761
785	833
785	865
785	898
785	899
785	961
786	279
786	509
786	515
786	641
786	777
786	779
786	791
786	855
786	885
786	928
786	938
786	983
786	991
786	1000
787	78
787	85
787	280
787	352
787	494
787	673
787	794
787	795
787	804
787	820
787	950
787	965
787	980
787	1000
788	150
788	196
788	475
788	627
788	682
788	762
788	793
788	872
788	901
788	913
788	945
788	951
788	985
788	999
789	134
789	235
789	244
789	281
789	346
789	388
789	532
789	541
789	793
789	848
789	864
789	911
789	981
789	996
790	6
790	62
790	131
790	607
790	795
790	812
790	820
790	847
790	866
790	914
790	924
790	929
790	951
790	965
791	493
791	586
791	732
791	764
791	781
791	782
791	786
791	837
791	850
791	926
791	957
791	961
791	987
792	160
792	261
792	388
792	424
792	624
792	698
792	713
792	794
792	815
792	857
792	881
792	908
792	936
792	980
793	31
793	55
793	172
793	259
793	705
793	762
793	788
793	789
793	872
793	913
793	919
793	937
793	962
793	992
794	132
794	202
794	276
794	410
794	460
794	787
794	792
794	808
794	841
794	870
794	918
794	939
794	977
794	1000
795	38
795	59
795	137
795	223
795	261
795	329
795	351
795	367
795	787
795	790
795	869
795	871
795	918
795	997
796	124
796	699
796	705
796	712
796	834
796	836
796	860
796	880
796	895
796	946
796	954
796	973
796	983
796	989
797	533
797	723
797	728
797	739
797	783
797	850
797	910
797	933
797	947
797	956
797	967
797	970
797	975
797	997
798	37
798	71
798	273
798	275
798	370
798	717
798	726
798	861
798	889
798	954
798	960
798	985
798	989
798	994
799	112
799	604
799	737
799	824
799	830
799	838
799	862
799	888
799	940
799	943
799	965
799	966
799	979
799	993
800	313
800	342
800	391
800	497
800	622
800	659
800	743
800	870
800	891
800	925
800	944
800	966
800	978
800	982
801	26
801	60
801	222
801	226
801	593
801	626
801	719
801	755
801	819
801	900
801	904
801	917
801	936
801	939
801	952
802	461
802	526
802	642
802	681
802	687
802	709
802	768
802	772
802	828
802	865
802	889
802	928
802	959
802	974
802	976
803	652
803	671
803	736
803	743
803	767
803	816
803	824
803	829
803	896
803	986
803	989
803	990
803	991
803	992
803	998
804	386
804	467
804	500
804	570
804	623
804	671
804	729
804	730
804	780
804	787
804	927
804	947
804	948
804	967
804	991
805	108
805	498
805	596
805	695
805	753
805	874
805	883
805	897
805	903
805	912
805	926
805	950
805	977
805	984
805	994
806	251
806	330
806	399
806	535
806	650
806	678
806	704
806	812
806	814
806	847
806	875
806	959
806	982
806	984
806	1000
807	108
807	374
807	377
807	440
807	442
807	577
807	627
807	631
807	665
807	849
807	862
807	888
807	948
807	975
807	993
808	3
808	220
808	227
808	339
808	679
808	733
808	749
808	759
808	766
808	794
808	819
808	915
808	963
808	985
808	997
809	28
809	103
809	420
809	488
809	561
809	574
809	580
809	615
809	810
809	891
809	916
809	922
809	971
809	978
809	982
810	193
810	218
810	387
810	562
810	658
810	728
810	774
810	809
810	821
810	911
810	935
810	937
810	944
810	972
810	978
811	154
811	296
811	345
811	584
811	611
811	697
811	712
811	759
811	842
811	873
811	932
811	946
811	960
811	963
811	985
812	13
812	447
812	552
812	560
812	562
812	650
812	776
812	783
812	790
812	806
812	813
812	814
812	856
812	859
812	965
813	6
813	53
813	279
813	330
813	333
813	363
813	650
813	651
813	688
813	704
813	716
813	812
813	814
813	875
813	937
814	182
814	237
814	339
814	490
814	579
814	704
814	753
814	806
814	812
814	813
814	847
814	875
814	924
814	941
814	965
815	150
815	167
815	219
815	223
815	380
815	385
815	451
815	475
815	602
815	749
815	792
815	887
815	981
815	984
815	995
816	139
816	222
816	380
816	437
816	504
816	613
816	621
816	628
816	803
816	841
816	883
816	902
816	905
816	950
816	977
817	362
817	405
817	515
817	627
817	776
817	824
817	879
817	898
817	912
817	948
817	957
817	971
817	986
817	990
817	991
817	992
818	105
818	195
818	210
818	265
818	414
818	474
818	480
818	627
818	674
818	718
818	767
818	849
818	851
818	909
818	914
818	924
819	138
819	268
819	385
819	506
819	634
819	645
819	702
819	801
819	808
819	842
819	888
819	935
819	939
819	960
819	985
819	992
820	61
820	236
820	477
820	654
820	738
820	746
820	787
820	790
820	836
820	838
820	841
820	874
820	917
820	950
820	977
820	984
821	43
821	163
821	434
821	512
821	662
821	700
821	756
821	779
821	810
821	831
821	878
821	924
821	933
821	975
821	977
821	997
822	361
822	584
822	657
822	766
822	768
822	771
822	834
822	842
822	915
822	920
822	929
822	939
822	954
822	957
822	973
822	978
823	68
823	341
823	408
823	528
823	563
823	572
823	719
823	748
823	877
823	894
823	900
823	902
823	904
823	910
823	912
823	952
824	72
824	225
824	434
824	540
824	605
824	674
824	799
824	803
824	817
824	871
824	896
824	910
824	926
824	990
824	991
824	992
825	93
825	371
825	508
825	669
825	670
825	683
825	688
825	768
825	884
825	914
825	932
825	967
825	971
825	988
825	995
825	996
826	247
826	261
826	393
826	519
826	553
826	570
826	723
826	729
826	744
826	885
826	892
826	919
826	929
826	932
826	948
826	990
827	87
827	210
827	545
827	548
827	561
827	565
827	573
827	592
827	612
827	749
827	897
827	915
827	934
827	982
827	984
827	987
828	43
828	95
828	111
828	125
828	198
828	453
828	536
828	640
828	672
828	689
828	697
828	802
828	878
828	945
828	978
828	1000
829	492
829	578
829	615
829	625
829	641
829	682
829	735
829	765
829	776
829	803
829	868
829	886
829	906
829	955
829	959
829	994
830	215
830	403
830	404
830	408
830	524
830	527
830	528
830	720
830	799
830	874
830	900
830	902
830	912
830	926
830	953
830	1000
831	11
831	75
831	400
831	487
831	564
831	609
831	649
831	657
831	821
831	839
831	878
831	909
831	967
831	970
831	986
831	997
832	183
832	262
832	302
832	309
832	396
832	502
832	509
832	640
832	730
832	765
832	885
832	899
832	938
832	949
832	979
832	983
833	7
833	27
833	126
833	588
833	658
833	774
833	785
833	851
833	868
833	898
833	938
833	967
833	971
833	979
833	983
833	989
834	81
834	129
834	378
834	446
834	699
834	796
834	822
834	920
834	946
834	949
834	954
834	960
834	980
834	985
834	989
834	992
835	31
835	117
835	317
835	394
835	494
835	608
835	731
835	777
835	782
835	844
835	901
835	962
835	964
835	992
835	997
835	1000
836	4
836	60
836	72
836	315
836	411
836	462
836	726
836	796
836	820
836	838
836	918
836	946
836	973
836	985
836	994
836	999
837	473
837	638
837	732
837	764
837	782
837	791
837	926
837	945
837	948
837	957
837	961
837	975
837	982
837	987
837	999
838	377
838	427
838	463
838	556
838	604
838	799
838	820
838	836
838	853
838	857
838	904
838	925
838	966
838	975
838	988
838	993
839	40
839	122
839	237
839	327
839	649
839	708
839	713
839	831
839	866
839	878
839	895
839	910
839	931
839	966
839	992
839	993
839	997
840	365
840	467
840	512
840	605
840	639
840	649
840	677
840	685
840	697
840	723
840	845
840	878
840	894
840	910
840	967
840	971
840	997
841	550
841	580
841	593
841	602
841	635
841	695
841	794
841	816
841	820
841	874
841	888
841	891
841	952
841	956
841	977
841	980
841	994
842	32
842	345
842	361
842	491
842	568
842	569
842	599
842	620
842	811
842	819
842	822
842	881
842	928
842	935
842	963
842	980
842	985
843	141
843	216
843	415
843	678
843	703
843	732
843	736
843	751
843	752
843	758
843	852
843	863
843	871
843	937
843	949
843	970
843	998
844	61
844	150
844	246
844	354
844	474
844	534
844	676
844	682
844	718
844	762
844	835
844	845
844	859
844	865
844	913
844	962
844	969
845	120
845	208
845	213
845	238
845	608
845	622
845	775
845	840
845	844
845	854
845	872
845	878
845	901
845	905
845	913
845	934
845	966
846	67
846	173
846	419
846	493
846	591
846	718
846	858
846	860
846	893
846	900
846	921
846	923
846	942
846	943
846	955
846	958
846	973
847	210
847	211
847	250
847	252
847	425
847	472
847	607
847	716
847	790
847	806
847	814
847	856
847	884
847	895
847	921
847	965
847	977
848	80
848	207
848	257
848	310
848	363
848	379
848	406
848	488
848	613
848	643
848	656
848	716
848	789
848	864
848	911
848	916
848	932
849	57
849	92
849	264
849	350
849	420
849	558
849	666
849	689
849	749
849	807
849	818
849	868
849	880
849	890
849	912
849	920
849	940
849	1000
850	163
850	280
850	331
850	385
850	407
850	615
850	617
850	651
850	697
850	779
850	783
850	791
850	797
850	878
850	895
850	907
850	967
850	989
851	108
851	216
851	369
851	399
851	402
851	478
851	490
851	666
851	711
851	725
851	729
851	818
851	833
851	855
851	883
851	890
851	896
851	934
852	94
852	225
852	234
852	273
852	518
852	674
852	677
852	843
852	855
852	887
852	911
852	917
852	922
852	949
852	955
852	968
852	978
852	998
853	214
853	298
853	311
853	397
853	571
853	604
853	627
853	660
853	736
853	838
853	854
853	862
853	953
853	958
853	966
853	975
853	993
853	996
854	220
854	265
854	285
854	297
854	571
854	577
854	659
854	845
854	853
854	858
854	870
854	888
854	910
854	939
854	940
854	966
854	975
854	993
855	59
855	159
855	210
855	258
855	322
855	674
855	786
855	851
855	852
855	866
855	869
855	871
855	909
855	932
855	933
855	939
855	941
855	953
856	214
856	535
856	639
856	650
856	654
856	716
856	726
856	732
856	740
856	775
856	812
856	847
856	875
856	924
856	942
856	965
856	966
856	979
857	147
857	602
857	605
857	628
857	685
857	756
857	792
857	838
857	862
857	869
857	897
857	901
857	918
857	931
857	950
857	980
857	990
857	1000
858	127
858	483
858	530
858	546
858	698
858	736
858	747
858	846
858	854
858	860
858	869
858	882
858	921
858	923
858	942
858	943
858	958
858	998
859	48
859	315
859	366
859	425
859	612
859	616
859	617
859	738
859	812
859	844
859	916
859	931
859	935
859	944
859	947
859	971
859	972
859	978
860	141
860	469
860	525
860	640
860	683
860	796
860	846
860	858
860	882
860	886
860	893
860	921
860	923
860	942
860	943
860	948
860	958
860	987
861	280
861	501
861	631
861	668
861	676
861	701
861	703
861	725
861	733
861	798
861	903
861	908
861	929
861	931
861	937
861	963
861	970
861	983
862	443
862	459
862	463
862	522
862	560
862	604
862	660
862	662
862	671
862	737
862	799
862	807
862	853
862	857
862	888
862	911
862	975
862	993
863	37
863	41
863	421
863	489
863	675
863	738
863	843
863	894
863	928
863	929
863	959
863	960
863	968
863	974
863	988
863	989
863	992
863	998
864	80
864	86
864	274
864	281
864	305
864	347
864	379
864	398
864	406
864	512
864	532
864	613
864	656
864	713
864	741
864	779
864	789
864	848
865	34
865	41
865	319
865	450
865	468
865	553
865	642
865	688
865	785
865	802
865	844
865	875
865	904
865	927
865	928
865	969
865	974
865	976
865	999
866	212
866	291
866	639
866	708
866	739
866	783
866	790
866	839
866	855
866	881
866	883
866	895
866	903
866	910
866	919
866	933
866	967
866	995
866	997
867	123
867	152
867	185
867	516
867	526
867	547
867	648
867	679
867	693
867	707
867	868
867	876
867	907
867	925
867	930
867	946
867	956
867	964
867	971
868	107
868	207
868	249
868	270
868	389
868	669
868	685
868	708
868	747
868	774
868	829
868	833
868	849
868	867
868	884
868	898
868	899
868	955
868	979
869	87
869	218
869	333
869	348
869	449
869	476
869	633
869	795
869	855
869	857
869	858
869	880
869	927
869	934
869	936
869	945
869	953
869	984
869	994
870	1
870	670
870	728
870	745
870	746
870	769
870	771
870	778
870	781
870	794
870	800
870	854
870	891
870	908
870	935
870	947
870	971
870	972
870	978
871	52
871	258
871	369
871	493
871	548
871	603
871	680
871	754
871	795
871	824
871	843
871	855
871	890
871	893
871	905
871	909
871	932
871	933
871	967
872	53
872	55
872	213
872	542
872	619
872	725
872	731
872	750
872	763
872	788
872	793
872	845
872	878
872	933
872	955
872	962
872	978
872	992
872	993
873	336
873	368
873	432
873	554
873	634
873	656
873	670
873	688
873	727
873	777
873	811
873	884
873	914
873	921
873	959
873	985
873	988
873	995
873	996
874	104
874	201
874	243
874	267
874	486
874	596
874	602
874	621
874	665
874	805
874	820
874	830
874	841
874	905
874	939
874	940
874	950
874	968
874	984
874	1000
875	118
875	186
875	390
875	479
875	556
875	560
875	570
875	651
875	693
875	806
875	813
875	814
875	856
875	865
875	887
875	906
875	924
875	945
875	965
875	978
876	446
876	456
876	503
876	526
876	612
876	648
876	679
876	693
876	762
876	773
876	867
876	881
876	884
876	888
876	930
876	942
876	956
876	960
876	963
876	964
877	209
877	356
877	366
877	439
877	442
877	531
877	556
877	655
877	678
877	681
877	823
877	922
877	928
877	929
877	949
877	965
877	968
877	981
877	990
877	998
878	187
878	343
878	395
878	487
878	535
878	565
878	640
878	821
878	828
878	831
878	839
878	840
878	845
878	850
878	872
878	933
878	963
878	967
878	994
878	997
879	154
879	246
879	404
879	465
879	637
879	641
879	652
879	735
879	741
879	743
879	780
879	817
879	899
879	922
879	948
879	970
879	986
879	987
879	990
879	991
880	236
880	322
880	405
880	536
880	543
880	558
880	644
880	660
880	691
880	718
880	725
880	733
880	764
880	767
880	796
880	849
880	869
880	892
880	953
880	960
881	85
881	259
881	489
881	520
881	523
881	592
881	683
881	721
881	792
881	842
881	866
881	876
881	883
881	946
881	956
881	971
881	977
881	980
881	990
881	1000
882	44
882	122
882	417
882	546
882	614
882	696
882	701
882	740
882	751
882	752
882	757
882	858
882	860
882	893
882	897
882	923
882	942
882	943
882	953
882	958
883	201
883	240
883	435
883	438
883	493
883	520
883	566
883	682
883	687
883	721
883	729
883	805
883	816
883	851
883	866
883	881
883	918
883	977
883	980
883	984
883	1000
884	65
884	136
884	305
884	355
884	422
884	621
884	669
884	671
884	688
884	727
884	825
884	847
884	868
884	873
884	876
884	914
884	931
884	946
884	984
884	991
884	996
885	153
885	483
885	487
885	524
885	588
885	594
885	724
885	739
885	765
885	786
885	826
885	832
885	899
885	901
885	936
885	938
885	955
885	958
885	979
885	983
885	999
886	280
886	297
886	373
886	415
886	436
886	544
886	653
886	701
886	745
886	772
886	829
886	860
886	903
886	909
886	928
886	931
886	933
886	935
886	937
886	939
886	980
887	2
887	69
887	237
887	360
887	460
887	520
887	524
887	636
887	655
887	674
887	815
887	852
887	875
887	922
887	958
887	959
887	968
887	969
887	970
887	981
887	998
888	78
888	112
888	554
888	569
888	576
888	600
888	603
888	627
888	694
888	736
888	773
888	799
888	807
888	819
888	841
888	854
888	862
888	876
888	943
888	966
888	990
888	993
889	115
889	190
889	243
889	294
889	366
889	422
889	482
889	553
889	563
889	585
889	684
889	798
889	802
889	915
889	927
889	928
889	953
889	969
889	974
889	976
889	998
889	999
890	57
890	118
890	298
890	335
890	372
890	547
890	565
890	604
890	666
890	695
890	718
890	734
890	747
890	769
890	849
890	851
890	871
890	896
890	923
890	945
890	946
890	947
891	56
891	286
891	349
891	377
891	450
891	552
891	649
891	746
891	800
891	809
891	841
891	870
891	904
891	915
891	925
891	926
891	944
891	971
891	972
891	973
891	982
891	996
892	5
892	24
892	79
892	165
892	187
892	189
892	321
892	362
892	373
892	500
892	551
892	564
892	623
892	826
892	880
892	907
892	926
892	931
892	976
892	986
892	990
892	992
893	33
893	69
893	151
893	234
893	261
893	358
893	417
893	540
893	591
893	599
893	846
893	860
893	871
893	882
893	921
893	923
893	935
893	942
893	943
893	950
893	988
893	999
894	152
894	206
894	322
894	398
894	471
894	496
894	519
894	531
894	581
894	698
894	751
894	763
894	773
894	823
894	840
894	863
894	911
894	917
894	922
894	929
894	981
894	990
894	998
895	45
895	58
895	130
895	212
895	397
895	492
895	609
895	617
895	649
895	740
895	796
895	839
895	847
895	850
895	866
895	933
895	962
895	967
895	968
895	969
895	983
895	991
895	997
896	5
896	19
896	89
896	288
896	340
896	426
896	454
896	588
896	601
896	624
896	741
896	771
896	776
896	803
896	824
896	851
896	890
896	919
896	948
896	984
896	990
896	991
896	992
897	105
897	106
897	147
897	306
897	309
897	317
897	336
897	369
897	376
897	482
897	490
897	680
897	689
897	706
897	757
897	767
897	769
897	805
897	827
897	857
897	882
897	934
897	938
898	57
898	88
898	380
898	394
898	437
898	582
898	615
898	625
898	666
898	670
898	691
898	724
898	774
898	781
898	785
898	817
898	833
898	868
898	938
898	956
898	971
898	979
898	999
899	145
899	389
899	447
899	588
899	594
899	641
899	667
899	668
899	720
899	724
899	735
899	765
899	780
899	785
899	832
899	868
899	879
899	885
899	906
899	944
899	966
899	978
899	979
900	103
900	146
900	279
900	477
900	572
900	587
900	626
900	638
900	801
900	823
900	830
900	846
900	902
900	904
900	909
900	912
900	936
900	949
900	952
900	956
900	960
900	964
900	996
901	16
901	89
901	204
901	238
901	283
901	317
901	622
901	686
901	738
901	763
901	775
901	788
901	835
901	845
901	857
901	885
901	913
901	942
901	953
901	959
901	962
901	997
901	998
902	248
902	259
902	312
902	404
902	421
902	464
902	466
902	492
902	630
902	687
902	719
902	720
902	722
902	740
902	816
902	823
902	830
902	900
902	904
902	912
902	922
902	936
902	947
902	988
903	51
903	303
903	381
903	406
903	450
903	581
903	631
903	653
903	668
903	703
903	745
903	755
903	772
903	805
903	861
903	866
903	886
903	908
903	922
903	928
903	931
903	937
903	948
903	977
904	20
904	404
904	412
904	545
904	626
904	630
904	675
904	720
904	722
904	735
904	755
904	801
904	823
904	838
904	865
904	891
904	900
904	902
904	909
904	912
904	936
904	938
904	952
904	972
905	87
905	218
905	337
905	376
905	414
905	545
905	622
905	680
905	706
905	725
905	749
905	768
905	816
905	845
905	871
905	874
905	920
905	924
905	932
905	941
905	945
905	971
905	991
905	995
906	28
906	82
906	183
906	231
906	376
906	396
906	444
906	577
906	594
906	637
906	663
906	691
906	766
906	774
906	829
906	875
906	899
906	914
906	938
906	942
906	955
906	966
906	979
906	994
907	42
907	48
907	49
907	119
907	251
907	332
907	374
907	428
907	440
907	646
907	720
907	729
907	780
907	850
907	867
907	892
907	919
907	924
907	944
907	946
907	948
907	972
907	986
907	991
908	29
908	239
908	271
908	297
908	303
908	458
908	544
908	577
908	631
908	645
908	653
908	668
908	701
908	703
908	737
908	772
908	792
908	861
908	870
908	903
908	912
908	931
908	934
908	937
909	146
909	155
909	307
909	350
909	370
909	398
909	416
909	428
909	543
909	706
909	725
909	734
909	749
909	818
909	831
909	855
909	871
909	886
909	900
909	904
909	914
909	941
909	945
909	958
910	120
910	198
910	314
910	316
910	400
910	407
910	477
910	578
910	669
910	690
910	700
910	719
910	723
910	768
910	797
910	823
910	824
910	839
910	840
910	854
910	866
910	933
910	964
910	967
911	243
911	390
911	413
911	433
911	590
911	661
911	675
911	678
911	747
911	758
911	773
911	789
911	810
911	848
911	852
911	862
911	894
911	949
911	959
911	968
911	981
911	982
911	983
911	991
911	998
912	50
912	86
912	110
912	215
912	271
912	383
912	412
912	514
912	538
912	630
912	650
912	722
912	771
912	805
912	817
912	823
912	830
912	849
912	900
912	902
912	904
912	908
912	936
912	952
912	960
913	28
913	204
913	293
913	389
913	397
913	472
913	494
913	559
913	617
913	652
913	705
913	731
913	750
913	788
913	793
913	844
913	845
913	901
913	917
913	918
913	928
913	948
913	951
913	954
913	962
914	7
914	171
914	186
914	241
914	301
914	368
914	554
914	571
914	669
914	670
914	688
914	722
914	727
914	790
914	818
914	825
914	873
914	884
914	906
914	909
914	975
914	981
914	988
914	995
914	996
915	46
915	64
915	199
915	380
915	453
915	460
915	472
915	486
915	585
915	708
915	759
915	808
915	822
915	827
915	889
915	891
915	920
915	922
915	939
915	946
915	971
915	973
915	989
915	994
915	998
916	33
916	103
916	190
916	264
916	277
916	315
916	324
916	383
916	425
916	436
916	561
916	658
916	720
916	723
916	758
916	771
916	809
916	848
916	859
916	944
916	951
916	972
916	978
916	982
916	1000
917	22
917	88
917	92
917	282
917	433
917	452
917	496
917	538
917	566
917	567
917	661
917	662
917	738
917	753
917	773
917	801
917	820
917	852
917	894
917	913
917	922
917	932
917	950
917	962
917	998
918	157
918	212
918	216
918	438
918	495
918	521
918	523
918	557
918	582
918	657
918	670
918	673
918	780
918	794
918	795
918	836
918	857
918	883
918	913
918	940
918	950
918	977
918	984
918	986
918	987
919	42
919	76
919	116
919	275
919	382
919	424
919	497
919	534
919	564
919	652
919	683
919	700
919	741
919	747
919	776
919	780
919	793
919	826
919	866
919	896
919	907
919	946
919	979
919	990
919	991
919	992
920	3
920	96
920	156
920	219
920	364
920	378
920	481
920	486
920	569
920	571
920	633
920	634
920	660
920	726
920	822
920	834
920	849
920	905
920	915
920	939
920	954
920	963
920	985
920	989
920	994
920	998
921	3
921	33
921	112
921	417
921	469
921	505
921	584
921	614
921	656
921	695
921	698
921	846
921	847
921	858
921	860
921	873
921	893
921	923
921	931
921	937
921	942
921	943
921	958
921	974
921	980
921	986
922	136
922	289
922	302
922	306
922	343
922	365
922	500
922	516
922	555
922	566
922	583
922	752
922	778
922	809
922	852
922	877
922	879
922	887
922	894
922	902
922	903
922	915
922	917
922	947
922	959
922	987
923	62
923	91
923	234
923	292
923	371
923	438
923	469
923	546
923	614
923	655
923	696
923	698
923	717
923	766
923	846
923	858
923	860
923	882
923	890
923	893
923	921
923	943
923	958
923	972
923	978
923	993
924	131
924	141
924	229
924	237
924	250
924	251
924	311
924	321
924	427
924	474
924	654
924	699
924	716
924	790
924	814
924	818
924	821
924	856
924	875
924	905
924	907
924	962
924	965
924	968
924	975
924	991
925	203
925	277
925	312
925	484
925	499
925	520
925	561
925	574
925	602
925	702
925	721
925	727
925	781
925	800
925	838
925	867
925	891
925	935
925	944
925	947
925	964
925	971
925	972
925	978
925	982
925	997
926	35
926	107
926	184
926	267
926	423
926	473
926	513
926	529
926	697
926	732
926	764
926	782
926	791
926	805
926	824
926	830
926	837
926	891
926	892
926	928
926	932
926	950
926	957
926	961
926	963
926	987
926	994
927	25
927	102
927	118
927	319
927	328
927	426
927	468
927	496
927	553
927	611
927	681
927	684
927	687
927	709
927	742
927	804
927	865
927	869
927	889
927	960
927	963
927	969
927	974
927	976
927	981
927	984
927	999
928	23
928	105
928	126
928	142
928	268
928	426
928	499
928	525
928	598
928	644
928	657
928	786
928	802
928	842
928	863
928	865
928	877
928	886
928	889
928	903
928	913
928	926
928	969
928	974
928	976
928	989
928	999
929	18
929	70
929	216
929	266
929	289
929	390
929	504
929	591
929	630
929	692
929	714
929	751
929	762
929	790
929	822
929	826
929	861
929	863
929	877
929	894
929	934
929	949
929	959
929	972
929	981
929	986
929	998
930	36
930	158
930	199
930	232
930	235
930	287
930	401
930	418
930	446
930	456
930	466
930	503
930	547
930	564
930	583
930	679
930	693
930	707
930	734
930	867
930	876
930	956
930	963
930	964
930	980
930	991
930	997
931	51
931	255
931	415
931	544
931	581
931	607
931	631
931	645
931	653
931	676
931	703
931	745
931	753
931	765
931	839
931	857
931	859
931	861
931	884
931	886
931	892
931	903
931	908
931	921
931	932
931	937
931	944
931	993
932	99
932	104
932	196
932	245
932	278
932	298
932	376
932	384
932	444
932	499
932	545
932	596
932	706
932	743
932	769
932	811
932	825
932	826
932	848
932	855
932	871
932	905
932	917
932	926
932	931
932	934
932	941
932	945
933	90
933	98
933	212
933	318
933	382
933	395
933	399
933	441
933	461
933	470
933	598
933	677
933	713
933	739
933	754
933	768
933	797
933	821
933	855
933	866
933	871
933	872
933	878
933	886
933	895
933	910
933	996
933	997
934	16
934	47
934	245
934	314
934	328
934	337
934	372
934	419
934	476
934	508
934	590
934	711
934	725
934	743
934	759
934	767
934	827
934	845
934	851
934	869
934	897
934	908
934	929
934	932
934	937
934	940
934	941
934	953
934	964
935	96
935	180
935	204
935	347
935	349
935	350
935	391
935	401
935	484
935	539
935	586
935	740
935	771
935	810
935	819
935	842
935	859
935	870
935	886
935	893
935	925
935	944
935	947
935	970
935	971
935	972
935	978
935	981
935	982
936	86
936	248
936	403
936	421
936	464
936	516
936	528
936	539
936	555
936	626
936	632
936	705
936	719
936	722
936	755
936	792
936	801
936	869
936	885
936	900
936	902
936	904
936	912
936	939
936	952
936	969
936	972
936	973
936	989
937	241
937	255
937	282
937	297
937	303
937	312
937	373
937	415
937	544
937	580
937	631
937	653
937	676
937	745
937	772
937	793
937	810
937	813
937	843
937	861
937	886
937	903
937	908
937	921
937	931
937	934
937	963
937	986
937	997
938	34
938	205
938	431
938	437
938	483
938	492
938	507
938	512
938	567
938	584
938	586
938	684
938	694
938	708
938	735
938	761
938	777
938	786
938	832
938	833
938	885
938	897
938	898
938	904
938	906
938	947
938	954
938	979
938	983
939	228
939	275
939	339
939	353
939	360
939	412
939	549
939	611
939	614
939	618
939	635
939	669
939	757
939	794
939	801
939	819
939	822
939	854
939	855
939	874
939	886
939	915
939	920
939	936
939	946
939	960
939	973
939	989
939	994
939	997
940	15
940	134
940	217
940	220
940	300
940	440
940	443
940	549
940	556
940	574
940	576
940	577
940	603
940	632
940	694
940	736
940	775
940	781
940	799
940	849
940	854
940	874
940	918
940	934
940	958
940	965
940	966
940	975
940	979
940	993
941	12
941	16
941	161
941	274
941	416
941	429
941	493
941	495
941	504
941	543
941	565
941	620
941	689
941	706
941	730
941	734
941	769
941	814
941	855
941	905
941	909
941	932
941	934
941	943
941	953
941	954
941	979
941	980
941	985
941	994
942	67
942	156
942	191
942	221
942	247
942	338
942	358
942	469
942	485
942	505
942	530
942	546
942	584
942	614
942	696
942	846
942	856
942	858
942	860
942	876
942	882
942	893
942	901
942	906
942	921
942	943
942	948
942	958
942	976
942	999
943	21
943	30
943	51
943	66
943	94
943	206
943	478
943	505
943	584
943	591
943	599
943	628
943	690
943	696
943	698
943	745
943	763
943	799
943	846
943	858
943	860
943	882
943	888
943	893
943	921
943	923
943	941
943	942
943	958
943	985
944	35
944	56
944	190
944	310
944	342
944	387
944	402
944	552
944	586
944	605
944	719
944	728
944	729
944	742
944	750
944	756
944	800
944	810
944	859
944	891
944	899
944	907
944	916
944	925
944	931
944	935
944	956
944	972
944	978
944	982
945	132
945	290
945	309
945	335
945	338
945	342
945	381
945	414
945	473
945	476
945	495
945	602
945	612
945	629
945	666
945	679
945	680
945	749
945	763
945	768
945	769
945	788
945	828
945	837
945	869
945	875
945	890
945	905
945	909
945	932
945	953
946	138
946	224
946	228
946	416
946	472
946	524
946	542
946	566
946	616
946	620
946	632
946	712
946	724
946	766
946	796
946	811
946	834
946	836
946	867
946	881
946	884
946	890
946	907
946	915
946	919
946	939
946	954
946	963
946	994
946	999
946	1000
947	15
947	56
947	123
947	133
947	143
947	383
947	402
947	484
947	539
947	586
947	654
947	778
947	781
947	797
947	804
947	859
947	870
947	890
947	902
947	922
947	925
947	935
947	938
947	961
947	971
947	972
947	976
947	977
947	978
947	982
947	995
948	73
948	173
948	315
948	321
948	362
948	501
948	579
948	601
948	641
948	647
948	670
948	671
948	739
948	744
948	804
948	807
948	817
948	826
948	837
948	860
948	879
948	896
948	903
948	907
948	913
948	942
948	968
948	986
948	990
948	991
948	992
949	37
949	54
949	61
949	205
949	208
949	276
949	410
949	439
949	462
949	470
949	513
949	566
949	572
949	655
949	675
949	738
949	773
949	784
949	832
949	834
949	843
949	852
949	877
949	900
949	911
949	929
949	968
949	969
949	981
949	990
949	998
949	999
950	119
950	147
950	161
950	171
950	244
950	283
950	313
950	354
950	459
950	504
950	520
950	547
950	605
950	628
950	638
950	664
950	665
950	677
950	740
950	779
950	787
950	805
950	816
950	820
950	857
950	874
950	893
950	917
950	918
950	926
950	962
950	1000
951	44
951	46
951	120
951	153
951	185
951	354
951	384
951	467
951	474
951	542
951	551
951	583
951	608
951	619
951	622
951	682
951	705
951	709
951	752
951	762
951	775
951	788
951	790
951	913
951	916
951	962
951	970
951	971
951	985
951	988
951	998
951	999
952	6
952	31
952	34
952	105
952	110
952	151
952	181
952	367
952	404
952	412
952	421
952	464
952	467
952	527
952	528
952	572
952	626
952	720
952	722
952	755
952	801
952	823
952	841
952	900
952	904
952	912
952	936
952	959
952	967
952	970
952	996
952	998
953	155
953	161
953	274
953	301
953	337
953	341
953	432
953	491
953	502
953	558
953	593
953	596
953	666
953	720
953	733
953	734
953	745
953	754
953	766
953	767
953	830
953	853
953	855
953	869
953	880
953	882
953	889
953	901
953	934
953	941
953	945
953	985
954	4
954	32
954	120
954	156
954	178
954	233
954	247
954	258
954	275
954	358
954	523
954	529
954	542
954	554
954	557
954	611
954	616
954	712
954	780
954	796
954	798
954	822
954	834
954	913
954	920
954	938
954	941
954	946
954	958
954	963
954	973
954	985
954	996
955	18
955	100
955	183
955	231
955	319
955	356
955	386
955	420
955	447
955	483
955	492
955	509
955	538
955	604
955	639
955	649
955	688
955	691
955	710
955	735
955	761
955	775
955	829
955	846
955	852
955	868
955	872
955	885
955	906
955	956
955	970
955	979
955	983
956	23
956	32
956	36
956	37
956	171
956	185
956	232
956	235
956	287
956	446
956	456
956	466
956	506
956	526
956	547
956	573
956	648
956	679
956	693
956	707
956	781
956	797
956	841
956	867
956	876
956	881
956	898
956	900
956	930
956	944
956	955
956	962
956	964
957	128
957	139
957	151
957	267
957	295
957	323
957	363
957	423
957	425
957	473
957	513
957	529
957	561
957	565
957	649
957	684
957	728
957	732
957	743
957	764
957	770
957	782
957	791
957	817
957	822
957	837
957	926
957	961
957	964
957	974
957	984
957	987
957	989
958	66
958	91
958	206
958	221
958	337
958	393
958	417
958	515
958	530
958	546
958	563
958	584
958	599
958	655
958	661
958	696
958	698
958	846
958	853
958	858
958	860
958	882
958	885
958	887
958	909
958	921
958	923
958	940
958	942
958	943
958	954
958	998
958	999
959	29
959	239
959	257
959	266
959	302
959	354
959	365
959	470
959	537
959	573
959	588
959	589
959	590
959	636
959	692
959	703
959	727
959	760
959	802
959	806
959	829
959	863
959	873
959	887
959	901
959	911
959	922
959	929
959	952
959	981
959	991
959	998
959	1000
960	9
960	74
960	114
960	274
960	378
960	397
960	447
960	506
960	509
960	510
960	579
960	618
960	715
960	717
960	735
960	757
960	766
960	798
960	811
960	819
960	834
960	863
960	876
960	880
960	900
960	912
960	927
960	939
960	963
960	965
960	977
960	981
960	985
960	989
961	12
961	71
961	79
961	128
961	139
961	178
961	181
961	184
961	295
961	323
961	331
961	359
961	395
961	423
961	427
961	449
961	460
961	513
961	529
961	552
961	568
961	572
961	732
961	764
961	782
961	785
961	791
961	837
961	926
961	947
961	957
961	969
961	987
961	1000
962	10
962	53
962	77
962	253
962	375
962	389
962	511
962	551
962	570
962	596
962	618
962	619
962	622
962	658
962	690
962	713
962	721
962	750
962	763
962	775
962	793
962	835
962	844
962	872
962	895
962	901
962	913
962	917
962	924
962	950
962	951
962	956
962	963
962	965
962	968
963	60
963	144
963	273
963	325
963	431
963	433
963	462
963	496
963	618
963	676
963	712
963	726
963	757
963	759
963	808
963	811
963	842
963	861
963	876
963	878
963	920
963	926
963	927
963	930
963	937
963	946
963	954
963	960
963	962
963	973
963	975
963	985
963	986
963	993
963	994
964	36
964	81
964	171
964	185
964	232
964	235
964	287
964	334
964	446
964	456
964	466
964	502
964	503
964	526
964	547
964	619
964	648
964	679
964	693
964	707
964	773
964	835
964	867
964	876
964	900
964	910
964	925
964	930
964	934
964	956
964	957
964	968
964	969
964	987
964	996
965	29
965	62
965	141
965	214
965	229
965	250
965	251
965	304
965	330
965	362
965	560
965	607
965	650
965	654
965	665
965	676
965	686
965	704
965	733
965	787
965	790
965	799
965	812
965	814
965	847
965	856
965	875
965	877
965	924
965	940
965	960
965	962
965	972
965	974
965	977
966	158
966	179
966	278
966	332
966	377
966	401
966	440
966	463
966	498
966	578
966	603
966	627
966	632
966	643
966	659
966	709
966	722
966	736
966	737
966	799
966	800
966	838
966	839
966	845
966	853
966	854
966	856
966	888
966	899
966	906
966	940
966	980
966	989
966	993
966	996
967	52
967	90
967	188
967	239
967	253
967	269
967	316
967	351
967	379
967	397
967	407
967	432
967	481
967	533
967	575
967	609
967	630
967	657
967	738
967	764
967	797
967	804
967	825
967	831
967	833
967	840
967	850
967	866
967	871
967	878
967	895
967	910
967	952
967	970
967	978
967	997
968	109
968	182
968	227
968	268
968	290
968	306
968	390
968	501
968	502
968	537
968	610
968	662
968	675
968	678
968	751
968	753
968	758
968	852
968	863
968	874
968	877
968	887
968	895
968	911
968	924
968	948
968	949
968	962
968	964
968	970
968	972
968	974
968	977
968	981
968	990
968	998
969	23
969	100
969	140
969	156
969	188
969	217
969	276
969	430
969	482
969	553
969	563
969	571
969	598
969	644
969	661
969	684
969	687
969	698
969	709
969	754
969	770
969	772
969	784
969	844
969	865
969	887
969	889
969	895
969	927
969	928
969	936
969	949
969	961
969	964
969	974
969	999
970	8
970	136
970	239
970	302
970	305
970	326
970	343
970	352
970	433
970	471
970	501
970	529
970	568
970	598
970	610
970	662
970	678
970	738
970	749
970	752
970	760
970	773
970	782
970	797
970	831
970	843
970	861
970	879
970	887
970	935
970	951
970	952
970	955
970	967
970	968
970	998
971	109
971	123
971	286
971	418
971	425
971	450
971	478
971	503
971	514
971	539
971	552
971	574
971	658
971	678
971	728
971	771
971	774
971	809
971	817
971	825
971	833
971	840
971	859
971	867
971	870
971	881
971	891
971	898
971	905
971	915
971	925
971	935
971	947
971	951
971	978
971	980
971	982
972	3
972	22
972	48
972	278
972	286
972	299
972	342
972	387
972	391
972	425
972	486
972	531
972	561
972	623
972	658
972	678
972	705
972	731
972	781
972	810
972	859
972	870
972	891
972	904
972	907
972	916
972	923
972	925
972	929
972	935
972	936
972	944
972	947
972	965
972	968
972	978
972	982
973	39
973	84
973	113
973	176
973	288
973	345
973	409
973	437
973	458
973	486
973	511
973	524
973	569
973	579
973	597
973	635
973	646
973	654
973	677
973	702
973	726
973	746
973	759
973	777
973	796
973	822
973	836
973	846
973	891
973	915
973	936
973	939
973	954
973	963
973	987
973	994
973	1000
974	24
974	115
974	126
974	252
974	276
974	324
974	435
974	439
974	468
974	525
974	595
974	598
974	636
974	642
974	684
974	687
974	695
974	710
974	731
974	742
974	759
974	784
974	802
974	863
974	865
974	889
974	921
974	927
974	928
974	957
974	965
974	968
974	969
974	976
974	982
974	991
974	999
975	63
975	136
975	158
975	249
975	255
975	278
975	300
975	351
975	369
975	401
975	440
975	442
975	443
975	549
975	576
975	577
975	589
975	600
975	611
975	632
975	636
975	659
975	660
975	672
975	694
975	797
975	807
975	821
975	837
975	838
975	853
975	854
975	862
975	914
975	924
975	940
975	963
975	995
976	24
976	177
976	202
976	270
976	294
976	324
976	364
976	408
976	426
976	449
976	482
976	525
976	537
976	563
976	585
976	615
976	629
976	642
976	649
976	681
976	682
976	685
976	687
976	709
976	710
976	726
976	744
976	767
976	802
976	865
976	889
976	892
976	927
976	928
976	942
976	947
976	974
976	999
977	1
977	20
977	78
977	146
977	191
977	192
977	235
977	283
977	428
977	451
977	485
977	521
977	593
977	673
977	675
977	726
977	742
977	748
977	760
977	772
977	794
977	805
977	816
977	820
977	821
977	841
977	847
977	881
977	883
977	903
977	918
977	947
977	960
977	965
977	968
977	980
977	984
977	991
978	123
978	308
978	330
978	383
978	441
978	445
978	469
978	574
978	586
978	591
978	651
978	660
978	673
978	771
978	778
978	781
978	800
978	809
978	810
978	822
978	828
978	852
978	859
978	870
978	872
978	875
978	899
978	916
978	923
978	925
978	935
978	944
978	947
978	967
978	971
978	972
978	982
978	986
979	125
979	207
979	223
979	248
979	394
979	419
979	427
979	439
979	447
979	579
979	612
979	625
979	629
979	681
979	708
979	712
979	724
979	731
979	747
979	756
979	765
979	774
979	799
979	832
979	833
979	856
979	868
979	885
979	898
979	899
979	906
979	919
979	938
979	940
979	941
979	955
979	983
979	993
980	43
980	69
980	74
980	125
980	180
980	262
980	410
980	426
980	460
980	473
980	498
980	521
980	596
980	621
980	638
980	644
980	673
980	685
980	695
980	714
980	746
980	748
980	787
980	792
980	834
980	841
980	842
980	857
980	881
980	883
980	886
980	921
980	930
980	941
980	966
980	971
980	977
980	984
980	1000
981	152
981	166
981	239
981	242
981	254
981	326
981	433
981	454
981	487
981	489
981	518
981	526
981	537
981	555
981	561
981	568
981	589
981	674
981	714
981	727
981	758
981	760
981	765
981	789
981	815
981	877
981	887
981	894
981	911
981	914
981	927
981	929
981	935
981	949
981	959
981	960
981	968
981	983
981	985
981	998
982	22
982	143
982	148
982	180
982	225
982	244
982	277
982	299
982	308
982	313
982	340
982	418
982	478
982	506
982	561
982	590
982	627
982	728
982	730
982	778
982	800
982	806
982	809
982	827
982	837
982	891
982	911
982	916
982	925
982	935
982	944
982	947
982	971
982	972
982	974
982	978
982	984
982	988
982	990
982	999
983	125
983	195
983	228
983	249
983	271
983	289
983	318
983	346
983	386
983	394
983	419
983	420
983	483
983	558
983	564
983	587
983	595
983	615
983	641
983	667
983	673
983	710
983	735
983	741
983	747
983	761
983	769
983	786
983	796
983	832
983	833
983	861
983	885
983	895
983	911
983	938
983	955
983	979
983	981
983	997
984	47
984	83
984	167
984	231
984	259
984	329
984	345
984	372
984	393
984	418
984	451
984	454
984	477
984	517
984	550
984	621
984	664
984	665
984	721
984	737
984	748
984	805
984	806
984	815
984	820
984	827
984	869
984	874
984	883
984	884
984	896
984	918
984	927
984	957
984	977
984	980
984	982
984	993
984	995
984	999
984	1000
985	39
985	70
985	113
985	175
985	194
985	198
985	255
985	277
985	337
985	483
985	506
985	510
985	551
985	597
985	634
985	635
985	636
985	712
985	715
985	748
985	770
985	788
985	798
985	808
985	811
985	819
985	834
985	836
985	842
985	873
985	920
985	941
985	943
985	951
985	953
985	954
985	960
985	963
985	981
985	986
985	994
986	189
986	233
986	332
986	335
986	374
986	392
986	491
986	497
986	537
986	573
986	600
986	601
986	631
986	637
986	646
986	647
986	680
986	683
986	729
986	730
986	744
986	769
986	776
986	780
986	784
986	803
986	817
986	831
986	879
986	892
986	907
986	918
986	921
986	929
986	937
986	948
986	963
986	978
986	985
986	991
986	992
987	12
987	35
987	38
987	71
987	79
987	107
987	128
987	151
987	167
987	181
987	183
987	184
987	267
987	295
987	300
987	323
987	363
987	423
987	473
987	513
987	529
987	645
987	653
987	658
987	732
987	748
987	764
987	774
987	782
987	791
987	827
987	837
987	860
987	879
987	918
987	922
987	926
987	957
987	961
987	964
987	973
987	992
987	999
988	65
988	97
988	101
988	145
988	169
988	263
988	296
988	301
988	305
988	344
988	355
988	365
988	368
988	424
988	439
988	475
988	499
988	508
988	517
988	544
988	550
988	554
988	585
988	598
988	669
988	670
988	688
988	727
988	741
988	752
988	755
988	825
988	838
988	863
988	873
988	893
988	902
988	914
988	951
988	982
988	990
988	995
988	996
988	999
989	9
989	40
989	42
989	64
989	177
989	199
989	240
989	325
989	419
989	431
989	472
989	486
989	491
989	585
989	594
989	618
989	634
989	699
989	702
989	705
989	715
989	717
989	726
989	755
989	757
989	761
989	770
989	781
989	796
989	798
989	803
989	833
989	834
989	850
989	863
989	915
989	920
989	928
989	936
989	939
989	957
989	960
989	966
989	994
990	73
990	173
990	201
990	247
990	256
990	260
990	327
990	340
990	388
990	400
990	434
990	465
990	497
990	540
990	565
990	573
990	576
990	623
990	637
990	646
990	680
990	686
990	695
990	729
990	803
990	817
990	824
990	826
990	857
990	877
990	879
990	881
990	888
990	892
990	894
990	896
990	919
990	948
990	949
990	968
990	982
990	988
990	991
990	1000
991	307
991	340
991	342
991	381
991	428
991	448
991	455
991	497
991	575
991	646
991	671
991	673
991	683
991	698
991	730
991	744
991	763
991	764
991	776
991	783
991	786
991	803
991	804
991	817
991	824
991	879
991	884
991	895
991	896
991	905
991	907
991	911
991	919
991	924
991	930
991	948
991	959
991	974
991	977
991	986
991	990
991	992
991	993
991	999
992	63
992	76
992	209
992	256
992	321
992	331
992	367
992	409
992	428
992	429
992	434
992	455
992	532
992	546
992	573
992	601
992	624
992	629
992	647
992	672
992	683
992	716
992	744
992	757
992	766
992	776
992	793
992	803
992	817
992	819
992	824
992	834
992	835
992	839
992	863
992	872
992	892
992	896
992	919
992	948
992	986
992	987
992	991
992	995
993	14
993	32
993	54
993	102
993	149
993	179
993	278
993	327
993	378
993	401
993	442
993	544
993	549
993	554
993	571
993	576
993	577
993	603
993	604
993	609
993	627
993	632
993	659
993	660
993	710
993	737
993	757
993	776
993	799
993	807
993	838
993	839
993	853
993	854
993	862
993	872
993	888
993	923
993	931
993	940
993	963
993	966
993	979
993	984
993	991
994	45
994	121
994	138
994	166
994	199
994	308
994	325
994	361
994	411
994	436
994	482
994	506
994	539
994	578
994	579
994	620
994	653
994	698
994	702
994	715
994	717
994	721
994	722
994	766
994	770
994	783
994	798
994	805
994	829
994	836
994	841
994	869
994	878
994	906
994	915
994	920
994	926
994	939
994	941
994	946
994	963
994	973
994	985
994	989
994	996
995	13
995	65
995	86
995	93
995	97
995	137
995	169
995	182
995	189
995	230
995	263
995	296
995	301
995	305
995	336
995	344
995	406
995	422
995	424
995	468
995	475
995	486
995	508
995	517
995	554
995	606
995	619
995	669
995	688
995	704
995	727
995	732
995	760
995	768
995	815
995	825
995	866
995	873
995	905
995	914
995	947
995	975
995	984
995	988
995	992
995	996
996	4
996	7
996	13
996	80
996	97
996	145
996	174
996	182
996	230
996	241
996	263
996	296
996	336
996	355
996	368
996	375
996	422
996	424
996	475
996	508
996	517
996	523
996	601
996	669
996	670
996	689
996	705
996	721
996	727
996	749
996	774
996	789
996	825
996	853
996	873
996	884
996	891
996	900
996	914
996	933
996	952
996	954
996	964
996	966
996	988
996	994
996	995
997	21
997	163
997	246
997	316
997	407
997	466
997	481
997	514
997	575
997	578
997	605
997	613
997	617
997	624
997	639
997	667
997	697
997	700
997	707
997	709
997	723
997	739
997	758
997	768
997	769
997	770
997	779
997	783
997	795
997	797
997	808
997	821
997	831
997	835
997	839
997	840
997	866
997	878
997	895
997	901
997	925
997	930
997	933
997	937
997	939
997	967
997	983
997	998
998	8
998	92
998	172
998	179
998	225
998	289
998	366
998	412
998	470
998	523
998	533
998	568
998	589
998	607
998	642
998	655
998	661
998	662
998	714
998	719
998	742
998	750
998	753
998	763
998	773
998	803
998	843
998	852
998	858
998	863
998	877
998	887
998	889
998	894
998	901
998	911
998	915
998	917
998	920
998	929
998	949
998	951
998	952
998	958
998	959
998	968
998	970
998	981
998	997
999	100
999	115
999	126
999	140
999	142
999	177
999	262
999	270
999	276
999	319
999	328
999	333
999	364
999	417
999	430
999	468
999	482
999	500
999	553
999	595
999	598
999	643
999	644
999	681
999	687
999	744
999	784
999	788
999	836
999	837
999	865
999	885
999	889
999	893
999	898
999	927
999	928
999	942
999	946
999	949
999	951
999	958
999	969
999	974
999	976
999	982
999	984
999	987
999	988
999	991
1000	15
1000	157
1000	167
1000	271
1000	313
1000	393
1000	410
1000	416
1000	454
1000	485
1000	488
1000	504
1000	519
1000	521
1000	522
1000	557
1000	605
1000	612
1000	628
1000	638
1000	652
1000	665
1000	669
1000	671
1000	673
1000	681
1000	685
1000	695
1000	746
1000	786
1000	787
1000	794
1000	806
1000	828
1000	830
1000	835
1000	849
1000	857
1000	874
1000	881
1000	883
1000	916
1000	946
1000	950
1000	959
1000	961
1000	973
1000	980
1000	984
1000	990
